STARTIG BOARD: 
[[2 0 2 0]
 [0 0 0 0]
 [0 0 0 0]
 [0 0 0 0]]

*********************

BRANCHES: 88
AI SELECT ACTION: l
*********************
BEFORE: 
[[2 0 2 0]
 [0 0 0 0]
 [0 0 0 0]
 [0 0 0 0]]

*********************
AFTER: 
[[4 0 0 0]
 [0 0 0 0]
 [2 0 0 0]
 [0 0 0 0]]

TIME TAKEN FOR STEP: 4.19014881586

*********************

BRANCHES: 84
AI SELECT ACTION: d
*********************
BEFORE: 
[[4 0 0 0]
 [0 0 0 0]
 [2 0 0 0]
 [0 0 0 0]]

*********************
AFTER: 
[[0 0 0 0]
 [0 0 0 2]
 [4 0 0 0]
 [2 0 0 0]]

TIME TAKEN FOR STEP: 4.07939637705

*********************

BRANCHES: 104
AI SELECT ACTION: u
*********************
BEFORE: 
[[0 0 0 0]
 [0 0 0 2]
 [4 0 0 0]
 [2 0 0 0]]

*********************
AFTER: 
[[4 2 0 2]
 [2 0 0 0]
 [0 0 0 0]
 [0 0 0 0]]

TIME TAKEN FOR STEP: 5.13782800507

*********************

BRANCHES: 78
AI SELECT ACTION: r
*********************
BEFORE: 
[[4 2 0 2]
 [2 0 0 0]
 [0 0 0 0]
 [0 0 0 0]]

*********************
AFTER: 
[[0 0 0 8]
 [0 0 0 2]
 [0 0 0 0]
 [2 0 0 0]]

TIME TAKEN FOR STEP: 6.68294387474

*********************

BRANCHES: 104
AI SELECT ACTION: u
*********************
BEFORE: 
[[0 0 0 8]
 [0 0 0 2]
 [0 0 0 0]
 [2 0 0 0]]

*********************
AFTER: 
[[2 0 0 8]
 [0 0 0 2]
 [0 0 0 2]
 [0 0 0 0]]

TIME TAKEN FOR STEP: 4.88318573163

*********************

BRANCHES: 100
AI SELECT ACTION: d
*********************
BEFORE: 
[[2 0 0 8]
 [0 0 0 2]
 [0 0 0 2]
 [0 0 0 0]]

*********************
AFTER: 
[[0 0 0 0]
 [0 0 0 0]
 [2 0 0 8]
 [2 0 0 4]]

TIME TAKEN FOR STEP: 4.42751226766

*********************

BRANCHES: 100
AI SELECT ACTION: u
*********************
BEFORE: 
[[0 0 0 0]
 [0 0 0 0]
 [2 0 0 8]
 [2 0 0 4]]

*********************
AFTER: 
[[4 0 0 8]
 [0 0 0 4]
 [0 0 0 0]
 [0 0 2 0]]

TIME TAKEN FOR STEP: 4.49971772828

*********************

BRANCHES: 96
AI SELECT ACTION: l
*********************
BEFORE: 
[[4 0 0 8]
 [0 0 0 4]
 [0 0 0 0]
 [0 0 2 0]]

*********************
AFTER: 
[[4 8 0 0]
 [4 0 0 0]
 [0 0 2 0]
 [2 0 0 0]]

TIME TAKEN FOR STEP: 4.43009913288

*********************

BRANCHES: 92
AI SELECT ACTION: r
*********************
BEFORE: 
[[4 8 0 0]
 [4 0 0 0]
 [0 0 2 0]
 [2 0 0 0]]

*********************
AFTER: 
[[0 2 4 8]
 [0 0 0 4]
 [0 0 0 2]
 [0 0 0 2]]

TIME TAKEN FOR STEP: 4.05108150166

*********************

BRANCHES: 68
AI SELECT ACTION: d
*********************
BEFORE: 
[[0 2 4 8]
 [0 0 0 4]
 [0 0 0 2]
 [0 0 0 2]]

*********************
AFTER: 
[[ 0  0  0  0]
 [ 0  0  0  0]
 [ 0  0  0  2]
 [ 0  2  4 16]]

TIME TAKEN FOR STEP: 2.69867958466

*********************

BRANCHES: 48
AI SELECT ACTION: l
*********************
BEFORE: 
[[ 0  0  0  0]
 [ 0  0  0  0]
 [ 0  0  0  2]
 [ 0  2  4 16]]

*********************
AFTER: 
[[ 0  0  0  0]
 [ 0  0  0  2]
 [ 2  0  0  0]
 [ 2  4 16  0]]

TIME TAKEN FOR STEP: 2.22355801425

*********************

BRANCHES: 92
AI SELECT ACTION: d
*********************
BEFORE: 
[[ 0  0  0  0]
 [ 0  0  0  2]
 [ 2  0  0  0]
 [ 2  4 16  0]]

*********************
AFTER: 
[[ 0  0  0  0]
 [ 2  0  0  0]
 [ 0  0  0  0]
 [ 4  4 16  2]]

TIME TAKEN FOR STEP: 3.95278970974

*********************

BRANCHES: 92
AI SELECT ACTION: r
*********************
BEFORE: 
[[ 0  0  0  0]
 [ 2  0  0  0]
 [ 0  0  0  0]
 [ 4  4 16  2]]

*********************
AFTER: 
[[ 0  0  0  0]
 [ 0  0  0  2]
 [ 0  2  0  0]
 [ 0  8 16  2]]

TIME TAKEN FOR STEP: 3.83799973847

*********************

BRANCHES: 92
AI SELECT ACTION: u
*********************
BEFORE: 
[[ 0  0  0  0]
 [ 0  0  0  2]
 [ 0  2  0  0]
 [ 0  8 16  2]]

*********************
AFTER: 
[[ 0  2 16  4]
 [ 0  8  0  0]
 [ 2  0  0  0]
 [ 0  0  0  0]]

TIME TAKEN FOR STEP: 4.11420527969

*********************

BRANCHES: 88
AI SELECT ACTION: r
*********************
BEFORE: 
[[ 0  2 16  4]
 [ 0  8  0  0]
 [ 2  0  0  0]
 [ 0  0  0  0]]

*********************
AFTER: 
[[ 0  2 16  4]
 [ 0  0  2  8]
 [ 0  0  0  2]
 [ 0  0  0  0]]

TIME TAKEN FOR STEP: 3.71111376242

*********************

BRANCHES: 40
AI SELECT ACTION: d
*********************
BEFORE: 
[[ 0  2 16  4]
 [ 0  0  2  8]
 [ 0  0  0  2]
 [ 0  0  0  0]]

*********************
AFTER: 
[[ 0  0  0  2]
 [ 0  0  0  4]
 [ 0  0 16  8]
 [ 0  2  2  2]]

TIME TAKEN FOR STEP: 1.70262348746

*********************

BRANCHES: 58
AI SELECT ACTION: l
*********************
BEFORE: 
[[ 0  0  0  2]
 [ 0  0  0  4]
 [ 0  0 16  8]
 [ 0  2  2  2]]

*********************
AFTER: 
[[ 2  0  0  0]
 [ 4  0  0  0]
 [16  8  0  2]
 [ 4  2  0  0]]

TIME TAKEN FOR STEP: 2.47698310202

*********************

BRANCHES: 72
AI SELECT ACTION: r
*********************
BEFORE: 
[[ 2  0  0  0]
 [ 4  0  0  0]
 [16  8  0  2]
 [ 4  2  0  0]]

*********************
AFTER: 
[[ 0  2  0  2]
 [ 0  0  0  4]
 [ 0 16  8  2]
 [ 0  0  4  2]]

TIME TAKEN FOR STEP: 2.87091234406

*********************

BRANCHES: 74
AI SELECT ACTION: d
*********************
BEFORE: 
[[ 0  2  0  2]
 [ 0  0  0  4]
 [ 0 16  8  2]
 [ 0  0  4  2]]

*********************
AFTER: 
[[ 0  0  0  0]
 [ 0  0  2  0]
 [ 0  2  8  2]
 [ 0 16  4  8]]

TIME TAKEN FOR STEP: 3.04905917988

*********************

BRANCHES: 54
AI SELECT ACTION: r
*********************
BEFORE: 
[[ 0  0  0  0]
 [ 0  0  2  0]
 [ 0  2  8  2]
 [ 0 16  4  8]]

*********************
AFTER: 
[[ 0  0  0  0]
 [ 0  0  0  2]
 [ 0  2  8  2]
 [ 2 16  4  8]]

TIME TAKEN FOR STEP: 2.10435362147

*********************

BRANCHES: 52
AI SELECT ACTION: l
*********************
BEFORE: 
[[ 0  0  0  0]
 [ 0  0  0  2]
 [ 0  2  8  2]
 [ 2 16  4  8]]

*********************
AFTER: 
[[ 0  2  0  0]
 [ 2  0  0  0]
 [ 2  8  2  0]
 [ 2 16  4  8]]

TIME TAKEN FOR STEP: 2.18271335613

*********************

BRANCHES: 60
AI SELECT ACTION: d
*********************
BEFORE: 
[[ 0  2  0  0]
 [ 2  0  0  0]
 [ 2  8  2  0]
 [ 2 16  4  8]]

*********************
AFTER: 
[[ 0  0  0  0]
 [ 0  2  0  0]
 [ 2  8  2  2]
 [ 4 16  4  8]]

TIME TAKEN FOR STEP: 2.34461050651

*********************

BRANCHES: 46
AI SELECT ACTION: u
*********************
BEFORE: 
[[ 0  0  0  0]
 [ 0  2  0  0]
 [ 2  8  2  2]
 [ 4 16  4  8]]

*********************
AFTER: 
[[ 2  2  2  2]
 [ 4  8  4  8]
 [ 2 16  0  0]
 [ 0  0  0  0]]

TIME TAKEN FOR STEP: 1.88183461998

*********************

BRANCHES: 44
AI SELECT ACTION: d
*********************
BEFORE: 
[[ 2  2  2  2]
 [ 4  8  4  8]
 [ 2 16  0  0]
 [ 0  0  0  0]]

*********************
AFTER: 
[[ 0  0  4  0]
 [ 2  2  0  0]
 [ 4  8  2  2]
 [ 2 16  4  8]]

TIME TAKEN FOR STEP: 1.69794793005

*********************

BRANCHES: 48
AI SELECT ACTION: l
*********************
BEFORE: 
[[ 0  0  4  0]
 [ 2  2  0  0]
 [ 4  8  2  2]
 [ 2 16  4  8]]

*********************
AFTER: 
[[ 4  0  0  2]
 [ 4  0  0  0]
 [ 4  8  4  0]
 [ 2 16  4  8]]

TIME TAKEN FOR STEP: 1.90319601114

*********************

BRANCHES: 56
AI SELECT ACTION: u
*********************
BEFORE: 
[[ 4  0  0  2]
 [ 4  0  0  0]
 [ 4  8  4  0]
 [ 2 16  4  8]]

*********************
AFTER: 
[[ 8  8  8  2]
 [ 4 16  0  8]
 [ 2  0  0  0]
 [ 0  4  0  0]]

TIME TAKEN FOR STEP: 2.23961648973

*********************

BRANCHES: 60
AI SELECT ACTION: l
*********************
BEFORE: 
[[ 8  8  8  2]
 [ 4 16  0  8]
 [ 2  0  0  0]
 [ 0  4  0  0]]

*********************
AFTER: 
[[16  8  2  0]
 [ 4 16  8  0]
 [ 2  0  0  2]
 [ 4  0  0  0]]

TIME TAKEN FOR STEP: 2.31865099008

*********************

BRANCHES: 60
AI SELECT ACTION: l
*********************
BEFORE: 
[[16  8  2  0]
 [ 4 16  8  0]
 [ 2  0  0  2]
 [ 4  0  0  0]]

*********************
AFTER: 
[[16  8  2  0]
 [ 4 16  8  0]
 [ 4  2  0  0]
 [ 4  0  0  0]]

TIME TAKEN FOR STEP: 2.24056779874

*********************

BRANCHES: 46
AI SELECT ACTION: d
*********************
BEFORE: 
[[16  8  2  0]
 [ 4 16  8  0]
 [ 4  2  0  0]
 [ 4  0  0  0]]

*********************
AFTER: 
[[ 0  0  0  2]
 [16  8  0  0]
 [ 4 16  2  0]
 [ 8  2  8  0]]

TIME TAKEN FOR STEP: 1.77294015721

*********************

BRANCHES: 56
AI SELECT ACTION: u
*********************
BEFORE: 
[[ 0  0  0  2]
 [16  8  0  0]
 [ 4 16  2  0]
 [ 8  2  8  0]]

*********************
AFTER: 
[[16  8  2  2]
 [ 4 16  8  0]
 [ 8  2  4  0]
 [ 0  0  0  0]]

TIME TAKEN FOR STEP: 1.83138442721

*********************

BRANCHES: 40
AI SELECT ACTION: d
*********************
BEFORE: 
[[16  8  2  2]
 [ 4 16  8  0]
 [ 8  2  4  0]
 [ 0  0  0  0]]

*********************
AFTER: 
[[ 0  2  0  0]
 [16  8  2  0]
 [ 4 16  8  0]
 [ 8  2  4  2]]

TIME TAKEN FOR STEP: 1.30136426721

*********************

BRANCHES: 30
AI SELECT ACTION: r
*********************
BEFORE: 
[[ 0  2  0  0]
 [16  8  2  0]
 [ 4 16  8  0]
 [ 8  2  4  2]]

*********************
AFTER: 
[[ 0  0  0  2]
 [ 2 16  8  2]
 [ 0  4 16  8]
 [ 8  2  4  2]]

TIME TAKEN FOR STEP: 1.40715354357

*********************

BRANCHES: 28
AI SELECT ACTION: d
*********************
BEFORE: 
[[ 0  0  0  2]
 [ 2 16  8  2]
 [ 0  4 16  8]
 [ 8  2  4  2]]

*********************
AFTER: 
[[ 0  0  0  0]
 [ 2 16  8  4]
 [ 2  4 16  8]
 [ 8  2  4  2]]

TIME TAKEN FOR STEP: 0.917180411726

*********************

BRANCHES: 20
AI SELECT ACTION: d
*********************
BEFORE: 
[[ 0  0  0  0]
 [ 2 16  8  4]
 [ 2  4 16  8]
 [ 8  2  4  2]]

*********************
AFTER: 
[[ 0  2  0  0]
 [ 0 16  8  4]
 [ 4  4 16  8]
 [ 8  2  4  2]]

TIME TAKEN FOR STEP: 0.810649209145

*********************

BRANCHES: 28
AI SELECT ACTION: r
*********************
BEFORE: 
[[ 0  2  0  0]
 [ 0 16  8  4]
 [ 4  4 16  8]
 [ 8  2  4  2]]

*********************
AFTER: 
[[ 0  0  0  2]
 [ 2 16  8  4]
 [ 0  8 16  8]
 [ 8  2  4  2]]

TIME TAKEN FOR STEP: 0.874057826788

*********************

BRANCHES: 24
AI SELECT ACTION: l
*********************
BEFORE: 
[[ 0  0  0  2]
 [ 2 16  8  4]
 [ 0  8 16  8]
 [ 8  2  4  2]]

*********************
AFTER: 
[[ 2  0  0  0]
 [ 2 16  8  4]
 [ 8 16  8  2]
 [ 8  2  4  2]]

TIME TAKEN FOR STEP: 0.805228565029

*********************

BRANCHES: 40
AI SELECT ACTION: d
*********************
BEFORE: 
[[ 2  0  0  0]
 [ 2 16  8  4]
 [ 8 16  8  2]
 [ 8  2  4  2]]

*********************
AFTER: 
[[ 0  0  0  0]
 [ 0  0  0  0]
 [ 4 32 16  2]
 [16  2  4  8]]

TIME TAKEN FOR STEP: 1.33772339268

*********************

BRANCHES: 16
AI SELECT ACTION: u
*********************
BEFORE: 
[[ 0  0  0  0]
 [ 0  0  0  0]
 [ 4 32 16  2]
 [16  2  4  8]]

*********************
AFTER: 
[[ 4 32 16  2]
 [16  2  4  8]
 [ 0  0  0  0]
 [ 0  0  2  0]]

TIME TAKEN FOR STEP: 0.50696434843

*********************

BRANCHES: 56
AI SELECT ACTION: d
*********************
BEFORE: 
[[ 4 32 16  2]
 [16  2  4  8]
 [ 0  0  0  0]
 [ 0  0  2  0]]

*********************
AFTER: 
[[ 0  0  0  4]
 [ 0  0 16  0]
 [ 4 32  4  2]
 [16  2  2  8]]

TIME TAKEN FOR STEP: 1.99555831923

*********************

BRANCHES: 52
AI SELECT ACTION: l
*********************
BEFORE: 
[[ 0  0  0  4]
 [ 0  0 16  0]
 [ 4 32  4  2]
 [16  2  2  8]]

*********************
AFTER: 
[[ 4  2  0  0]
 [16  0  0  0]
 [ 4 32  4  2]
 [16  4  8  0]]

TIME TAKEN FOR STEP: 1.76580652476

*********************

BRANCHES: 36
AI SELECT ACTION: u
*********************
BEFORE: 
[[ 4  2  0  0]
 [16  0  0  0]
 [ 4 32  4  2]
 [16  4  8  0]]

*********************
AFTER: 
[[ 4  2  4  2]
 [16 32  8  0]
 [ 4  4  0  0]
 [16  0  0  2]]

TIME TAKEN FOR STEP: 1.22875821383

*********************

BRANCHES: 48
AI SELECT ACTION: r
*********************
BEFORE: 
[[ 4  2  4  2]
 [16 32  8  0]
 [ 4  4  0  0]
 [16  0  0  2]]

*********************
AFTER: 
[[ 4  2  4  2]
 [ 0 16 32  8]
 [ 0  0  2  8]
 [ 0  0 16  2]]

TIME TAKEN FOR STEP: 1.85162068212

*********************

BRANCHES: 34
AI SELECT ACTION: d
*********************
BEFORE: 
[[ 4  2  4  2]
 [ 0 16 32  8]
 [ 0  0  2  8]
 [ 0  0 16  2]]

*********************
AFTER: 
[[ 0  2  4  0]
 [ 0  0 32  2]
 [ 0  2  2 16]
 [ 4 16 16  2]]

TIME TAKEN FOR STEP: 0.942707335391

*********************

BRANCHES: 52
AI SELECT ACTION: d
*********************
BEFORE: 
[[ 0  2  4  0]
 [ 0  0 32  2]
 [ 0  2  2 16]
 [ 4 16 16  2]]

*********************
AFTER: 
[[ 2  0  4  0]
 [ 0  0 32  2]
 [ 0  4  2 16]
 [ 4 16 16  2]]

TIME TAKEN FOR STEP: 1.45562605654

*********************

BRANCHES: 44
AI SELECT ACTION: r
*********************
BEFORE: 
[[ 2  0  4  0]
 [ 0  0 32  2]
 [ 0  4  2 16]
 [ 4 16 16  2]]

*********************
AFTER: 
[[ 0  0  2  4]
 [ 0  2 32  2]
 [ 0  4  2 16]
 [ 0  4 32  2]]

TIME TAKEN FOR STEP: 1.52934815974

*********************

BRANCHES: 34
AI SELECT ACTION: l
*********************
BEFORE: 
[[ 0  0  2  4]
 [ 0  2 32  2]
 [ 0  4  2 16]
 [ 0  4 32  2]]

*********************
AFTER: 
[[ 2  4  0  0]
 [ 2 32  2  0]
 [ 4  2 16  0]
 [ 4 32  2  2]]

TIME TAKEN FOR STEP: 0.906809247135

*********************

BRANCHES: 44
AI SELECT ACTION: r
*********************
BEFORE: 
[[ 2  4  0  0]
 [ 2 32  2  0]
 [ 4  2 16  0]
 [ 4 32  2  2]]

*********************
AFTER: 
[[ 0  4  2  4]
 [ 0  2 32  2]
 [ 0  4  2 16]
 [ 0  4 32  4]]

TIME TAKEN FOR STEP: 1.31236792587

*********************

BRANCHES: 28
AI SELECT ACTION: u
*********************
BEFORE: 
[[ 0  4  2  4]
 [ 0  2 32  2]
 [ 0  4  2 16]
 [ 0  4 32  4]]

*********************
AFTER: 
[[ 0  4  2  4]
 [ 0  2 32  2]
 [ 0  8  2 16]
 [ 0  2 32  4]]

TIME TAKEN FOR STEP: 0.69682555924

*********************

BRANCHES: 8
AI SELECT ACTION: l
*********************
BEFORE: 
[[ 0  4  2  4]
 [ 0  2 32  2]
 [ 0  8  2 16]
 [ 0  2 32  4]]

*********************
AFTER: 
[[ 4  2  4  0]
 [ 2 32  2  2]
 [ 8  2 16  0]
 [ 2 32  4  0]]

TIME TAKEN FOR STEP: 0.229031991716

*********************

BRANCHES: 28
AI SELECT ACTION: l
*********************
BEFORE: 
[[ 4  2  4  0]
 [ 2 32  2  2]
 [ 8  2 16  0]
 [ 2 32  4  0]]

*********************
AFTER: 
[[ 4  2  4  2]
 [ 2 32  4  0]
 [ 8  2 16  0]
 [ 2 32  4  0]]

TIME TAKEN FOR STEP: 0.750856592931

*********************

BRANCHES: 22
AI SELECT ACTION: r
*********************
BEFORE: 
[[ 4  2  4  2]
 [ 2 32  4  0]
 [ 8  2 16  0]
 [ 2 32  4  0]]

*********************
AFTER: 
[[ 4  2  4  2]
 [ 2  2 32  4]
 [ 0  8  2 16]
 [ 0  2 32  4]]

TIME TAKEN FOR STEP: 0.727250065086

*********************

BRANCHES: 24
AI SELECT ACTION: r
*********************
BEFORE: 
[[ 4  2  4  2]
 [ 2  2 32  4]
 [ 0  8  2 16]
 [ 0  2 32  4]]

*********************
AFTER: 
[[ 4  2  4  2]
 [ 0  4 32  4]
 [ 0  8  2 16]
 [ 2  2 32  4]]

TIME TAKEN FOR STEP: 0.614633329238

*********************

BRANCHES: 20
AI SELECT ACTION: d
*********************
BEFORE: 
[[ 4  2  4  2]
 [ 0  4 32  4]
 [ 0  8  2 16]
 [ 2  2 32  4]]

*********************
AFTER: 
[[ 2  2  4  2]
 [ 0  4 32  4]
 [ 4  8  2 16]
 [ 2  2 32  4]]

TIME TAKEN FOR STEP: 0.425615970614

*********************

BRANCHES: 18
AI SELECT ACTION: l
*********************
BEFORE: 
[[ 2  2  4  2]
 [ 0  4 32  4]
 [ 4  8  2 16]
 [ 2  2 32  4]]

*********************
AFTER: 
[[ 8  2  2  0]
 [ 4 32  4  0]
 [ 4  8  2 16]
 [ 4 32  4  0]]

TIME TAKEN FOR STEP: 0.430813404766

*********************

BRANCHES: 32
AI SELECT ACTION: r
*********************
BEFORE: 
[[ 8  2  2  0]
 [ 4 32  4  0]
 [ 4  8  2 16]
 [ 4 32  4  0]]

*********************
AFTER: 
[[ 0  2  8  4]
 [ 0  4 32  4]
 [ 4  8  2 16]
 [ 0  4 32  4]]

TIME TAKEN FOR STEP: 0.871389578821

*********************

BRANCHES: 22
AI SELECT ACTION: d
*********************
BEFORE: 
[[ 0  2  8  4]
 [ 0  4 32  4]
 [ 4  8  2 16]
 [ 0  4 32  4]]

*********************
AFTER: 
[[ 4  2  8  0]
 [ 0  4 32  8]
 [ 0  8  2 16]
 [ 4  4 32  4]]

TIME TAKEN FOR STEP: 0.544950733808

*********************

BRANCHES: 32
AI SELECT ACTION: l
*********************
BEFORE: 
[[ 4  2  8  0]
 [ 0  4 32  8]
 [ 0  8  2 16]
 [ 4  4 32  4]]

*********************
AFTER: 
[[ 4  2  8  0]
 [ 4 32  8  2]
 [ 8  2 16  0]
 [ 8 32  4  0]]

TIME TAKEN FOR STEP: 0.588409121347

*********************

BRANCHES: 32
AI SELECT ACTION: u
*********************
BEFORE: 
[[ 4  2  8  0]
 [ 4 32  8  2]
 [ 8  2 16  0]
 [ 8 32  4  0]]

*********************
AFTER: 
[[16  2 32  2]
 [ 8 32  4  0]
 [ 0  2  0  0]
 [ 0 32  0  2]]

TIME TAKEN FOR STEP: 0.709137267807

*********************

BRANCHES: 52
AI SELECT ACTION: r
*********************
BEFORE: 
[[16  2 32  2]
 [ 8 32  4  0]
 [ 0  2  0  0]
 [ 0 32  0  2]]

*********************
AFTER: 
[[16  2 32  2]
 [ 0  8 32  4]
 [ 0  0  2  2]
 [ 0  0 32  2]]

TIME TAKEN FOR STEP: 1.46667356708

*********************

BRANCHES: 54
AI SELECT ACTION: l
*********************
BEFORE: 
[[16  2 32  2]
 [ 0  8 32  4]
 [ 0  0  2  2]
 [ 0  0 32  2]]

*********************
AFTER: 
[[16  2 32  2]
 [ 8 32  4  0]
 [ 4  0  2  0]
 [32  2  0  0]]

TIME TAKEN FOR STEP: 1.40584667885

*********************

BRANCHES: 40
AI SELECT ACTION: r
*********************
BEFORE: 
[[16  2 32  2]
 [ 8 32  4  0]
 [ 4  0  2  0]
 [32  2  0  0]]

*********************
AFTER: 
[[16  2 32  2]
 [ 0  8 32  4]
 [ 2  0  4  2]
 [ 0  0 32  2]]

TIME TAKEN FOR STEP: 1.08882492398

*********************

BRANCHES: 42
AI SELECT ACTION: r
*********************
BEFORE: 
[[16  2 32  2]
 [ 0  8 32  4]
 [ 2  0  4  2]
 [ 0  0 32  2]]

*********************
AFTER: 
[[16  2 32  2]
 [ 0  8 32  4]
 [ 2  2  4  2]
 [ 0  0 32  2]]

TIME TAKEN FOR STEP: 1.13657842433

*********************

BRANCHES: 40
AI SELECT ACTION: l
*********************
BEFORE: 
[[16  2 32  2]
 [ 0  8 32  4]
 [ 2  2  4  2]
 [ 0  0 32  2]]

*********************
AFTER: 
[[16  2 32  2]
 [ 8 32  4  0]
 [ 8  2  0  0]
 [32  2  0  2]]

TIME TAKEN FOR STEP: 1.10128912644

*********************

BRANCHES: 50
AI SELECT ACTION: l
*********************
BEFORE: 
[[16  2 32  2]
 [ 8 32  4  0]
 [ 8  2  0  0]
 [32  2  0  2]]

*********************
AFTER: 
[[16  2 32  2]
 [ 8 32  4  4]
 [ 8  2  0  0]
 [32  4  0  0]]

TIME TAKEN FOR STEP: 1.2845504334

*********************

BRANCHES: 42
AI SELECT ACTION: r
*********************
BEFORE: 
[[16  2 32  2]
 [ 8 32  4  4]
 [ 8  2  0  0]
 [32  4  0  0]]

*********************
AFTER: 
[[16  2 32  2]
 [ 0  8 32  8]
 [ 0  4  8  2]
 [ 0  0 32  4]]

TIME TAKEN FOR STEP: 1.25173659328

*********************

BRANCHES: 28
AI SELECT ACTION: d
*********************
BEFORE: 
[[16  2 32  2]
 [ 0  8 32  8]
 [ 0  4  8  2]
 [ 0  0 32  4]]

*********************
AFTER: 
[[ 0  0  2  2]
 [ 0  2 64  8]
 [ 0  8  8  2]
 [16  4 32  4]]

TIME TAKEN FOR STEP: 0.802570983732

*********************

BRANCHES: 32
AI SELECT ACTION: l
*********************
BEFORE: 
[[ 0  0  2  2]
 [ 0  2 64  8]
 [ 0  8  8  2]
 [16  4 32  4]]

*********************
AFTER: 
[[ 4  2  0  0]
 [ 2 64  8  0]
 [16  2  0  0]
 [16  4 32  4]]

TIME TAKEN FOR STEP: 0.844544333647

*********************

BRANCHES: 34
AI SELECT ACTION: d
*********************
BEFORE: 
[[ 4  2  0  0]
 [ 2 64  8  0]
 [16  2  0  0]
 [16  4 32  4]]

*********************
AFTER: 
[[ 0  2  0  2]
 [ 4 64  0  0]
 [ 2  2  8  0]
 [32  4 32  4]]

TIME TAKEN FOR STEP: 0.952376079951

*********************

BRANCHES: 48
AI SELECT ACTION: r
*********************
BEFORE: 
[[ 0  2  0  2]
 [ 4 64  0  0]
 [ 2  2  8  0]
 [32  4 32  4]]

*********************
AFTER: 
[[ 2  0  0  4]
 [ 0  0  4 64]
 [ 0  0  4  8]
 [32  4 32  4]]

TIME TAKEN FOR STEP: 1.15209843046

*********************

BRANCHES: 52
AI SELECT ACTION: l
*********************
BEFORE: 
[[ 2  0  0  4]
 [ 0  0  4 64]
 [ 0  0  4  8]
 [32  4 32  4]]

*********************
AFTER: 
[[ 2  4  0  0]
 [ 4 64  2  0]
 [ 4  8  0  0]
 [32  4 32  4]]

TIME TAKEN FOR STEP: 1.33412477398

*********************

BRANCHES: 34
AI SELECT ACTION: r
*********************
BEFORE: 
[[ 2  4  0  0]
 [ 4 64  2  0]
 [ 4  8  0  0]
 [32  4 32  4]]

*********************
AFTER: 
[[ 0  2  2  4]
 [ 0  4 64  2]
 [ 0  0  4  8]
 [32  4 32  4]]

TIME TAKEN FOR STEP: 0.942672965007

*********************

BRANCHES: 42
AI SELECT ACTION: d
*********************
BEFORE: 
[[ 0  2  2  4]
 [ 0  4 64  2]
 [ 0  0  4  8]
 [32  4 32  4]]

*********************
AFTER: 
[[ 0  0  2  4]
 [ 0  0 64  2]
 [ 2  2  4  8]
 [32  8 32  4]]

TIME TAKEN FOR STEP: 1.08163084706

*********************

BRANCHES: 32
AI SELECT ACTION: l
*********************
BEFORE: 
[[ 0  0  2  4]
 [ 0  0 64  2]
 [ 2  2  4  8]
 [32  8 32  4]]

*********************
AFTER: 
[[ 2  4  0  0]
 [64  2  2  0]
 [16  0  0  0]
 [32  8 32  4]]

TIME TAKEN FOR STEP: 0.718891345735

*********************

BRANCHES: 52
AI SELECT ACTION: r
*********************
BEFORE: 
[[ 2  4  0  0]
 [64  2  2  0]
 [16  0  0  0]
 [32  8 32  4]]

*********************
AFTER: 
[[ 0  0  2  4]
 [ 0  0 64  4]
 [ 2  0  0 16]
 [32  8 32  4]]

TIME TAKEN FOR STEP: 1.38824825215

*********************

BRANCHES: 52
AI SELECT ACTION: l
*********************
BEFORE: 
[[ 0  0  2  4]
 [ 0  0 64  4]
 [ 2  0  0 16]
 [32  8 32  4]]

*********************
AFTER: 
[[ 2  4  0  0]
 [64  4  0  2]
 [ 2 16  0  0]
 [32  8 32  4]]

TIME TAKEN FOR STEP: 1.04744495702

*********************

BRANCHES: 44
AI SELECT ACTION: d
*********************
BEFORE: 
[[ 2  4  0  0]
 [64  4  0  2]
 [ 2 16  0  0]
 [32  8 32  4]]

*********************
AFTER: 
[[ 2  0  0  0]
 [64  8  0  4]
 [ 2 16  0  2]
 [32  8 32  4]]

TIME TAKEN FOR STEP: 1.04573828967

*********************

BRANCHES: 30
AI SELECT ACTION: r
*********************
BEFORE: 
[[ 2  0  0  0]
 [64  8  0  4]
 [ 2 16  0  2]
 [32  8 32  4]]

*********************
AFTER: 
[[ 0  0  0  2]
 [ 4 64  8  4]
 [ 0  2 16  2]
 [32  8 32  4]]

TIME TAKEN FOR STEP: 0.924898735762

*********************

BRANCHES: 24
AI SELECT ACTION: d
*********************
BEFORE: 
[[ 0  0  0  2]
 [ 4 64  8  4]
 [ 0  2 16  2]
 [32  8 32  4]]

*********************
AFTER: 
[[ 2  0  0  2]
 [ 0 64  8  4]
 [ 4  2 16  2]
 [32  8 32  4]]

TIME TAKEN FOR STEP: 0.834879539705

*********************

BRANCHES: 28
AI SELECT ACTION: d
*********************
BEFORE: 
[[ 2  0  0  2]
 [ 0 64  8  4]
 [ 4  2 16  2]
 [32  8 32  4]]

*********************
AFTER: 
[[ 0  0  2  2]
 [ 2 64  8  4]
 [ 4  2 16  2]
 [32  8 32  4]]

TIME TAKEN FOR STEP: 0.586725367595

*********************

BRANCHES: 16
AI SELECT ACTION: l
*********************
BEFORE: 
[[ 0  0  2  2]
 [ 2 64  8  4]
 [ 4  2 16  2]
 [32  8 32  4]]

*********************
AFTER: 
[[ 4  0  2  0]
 [ 2 64  8  4]
 [ 4  2 16  2]
 [32  8 32  4]]

TIME TAKEN FOR STEP: 0.308826591141

*********************

BRANCHES: 12
AI SELECT ACTION: u
*********************
BEFORE: 
[[ 4  0  2  0]
 [ 2 64  8  4]
 [ 4  2 16  2]
 [32  8 32  4]]

*********************
AFTER: 
[[ 4 64  2  4]
 [ 2  2  8  2]
 [ 4  8 16  4]
 [32  0 32  2]]

TIME TAKEN FOR STEP: 0.201182104171

*********************

BRANCHES: 14
AI SELECT ACTION: r
*********************
BEFORE: 
[[ 4 64  2  4]
 [ 2  2  8  2]
 [ 4  8 16  4]
 [32  0 32  2]]

*********************
AFTER: 
[[ 4 64  2  4]
 [ 0  4  8  2]
 [ 4  8 16  4]
 [ 4  0 64  2]]

TIME TAKEN FOR STEP: 0.28950371931

*********************

BRANCHES: 20
AI SELECT ACTION: r
*********************
BEFORE: 
[[ 4 64  2  4]
 [ 0  4  8  2]
 [ 4  8 16  4]
 [ 4  0 64  2]]

*********************
AFTER: 
[[ 4 64  2  4]
 [ 0  4  8  2]
 [ 4  8 16  4]
 [ 2  4 64  2]]

TIME TAKEN FOR STEP: 0.314183630295

*********************

BRANCHES: 10
AI SELECT ACTION: d
*********************
BEFORE: 
[[ 4 64  2  4]
 [ 0  4  8  2]
 [ 4  8 16  4]
 [ 2  4 64  2]]

*********************
AFTER: 
[[ 2 64  2  4]
 [ 0  4  8  2]
 [ 8  8 16  4]
 [ 2  4 64  2]]

TIME TAKEN FOR STEP: 0.100431052022

*********************

BRANCHES: 14
AI SELECT ACTION: l
*********************
BEFORE: 
[[ 2 64  2  4]
 [ 0  4  8  2]
 [ 8  8 16  4]
 [ 2  4 64  2]]

*********************
AFTER: 
[[ 2 64  2  4]
 [ 4  8  2  2]
 [32  4  0  0]
 [ 2  4 64  2]]

TIME TAKEN FOR STEP: 0.18982565524

*********************

BRANCHES: 36
AI SELECT ACTION: r
*********************
BEFORE: 
[[ 2 64  2  4]
 [ 4  8  2  2]
 [32  4  0  0]
 [ 2  4 64  2]]

*********************
AFTER: 
[[ 2 64  2  4]
 [ 0  4  8  4]
 [ 0  2 32  4]
 [ 2  4 64  2]]

TIME TAKEN FOR STEP: 0.810270344798

*********************

BRANCHES: 20
AI SELECT ACTION: u
*********************
BEFORE: 
[[ 2 64  2  4]
 [ 0  4  8  4]
 [ 0  2 32  4]
 [ 2  4 64  2]]

*********************
AFTER: 
[[ 4 64  2  8]
 [ 0  4  8  4]
 [ 2  2 32  2]
 [ 0  4 64  0]]

TIME TAKEN FOR STEP: 1.01773472306

*********************

BRANCHES: 28
AI SELECT ACTION: r
*********************
BEFORE: 
[[ 4 64  2  8]
 [ 0  4  8  4]
 [ 2  2 32  2]
 [ 0  4 64  0]]

*********************
AFTER: 
[[ 4 64  2  8]
 [ 2  4  8  4]
 [ 0  4 32  2]
 [ 0  0  4 64]]

TIME TAKEN FOR STEP: 0.640241635651

*********************

BRANCHES: 22
AI SELECT ACTION: u
*********************
BEFORE: 
[[ 4 64  2  8]
 [ 2  4  8  4]
 [ 0  4 32  2]
 [ 0  0  4 64]]

*********************
AFTER: 
[[ 4 64  2  8]
 [ 2  8  8  4]
 [ 2  0 32  2]
 [ 0  0  4 64]]

TIME TAKEN FOR STEP: 0.400396405095

*********************

BRANCHES: 34
AI SELECT ACTION: d
*********************
BEFORE: 
[[ 4 64  2  8]
 [ 2  8  8  4]
 [ 2  0 32  2]
 [ 0  0  4 64]]

*********************
AFTER: 
[[ 0  0  2  8]
 [ 0  2  8  4]
 [ 0 64 32  2]
 [ 8  8  4 64]]

TIME TAKEN FOR STEP: 1.24580276377

*********************

BRANCHES: 28
AI SELECT ACTION: r
*********************
BEFORE: 
[[ 0  0  2  8]
 [ 0  2  8  4]
 [ 0 64 32  2]
 [ 8  8  4 64]]

*********************
AFTER: 
[[ 0  2  2  8]
 [ 0  2  8  4]
 [ 0 64 32  2]
 [ 0 16  4 64]]

TIME TAKEN FOR STEP: 0.943594644383

*********************

BRANCHES: 40
AI SELECT ACTION: r
*********************
BEFORE: 
[[ 0  2  2  8]
 [ 0  2  8  4]
 [ 0 64 32  2]
 [ 0 16  4 64]]

*********************
AFTER: 
[[ 0  0  4  8]
 [ 4  2  8  4]
 [ 0 64 32  2]
 [ 0 16  4 64]]

TIME TAKEN FOR STEP: 1.20677381008

*********************

BRANCHES: 24
AI SELECT ACTION: l
*********************
BEFORE: 
[[ 0  0  4  8]
 [ 4  2  8  4]
 [ 0 64 32  2]
 [ 0 16  4 64]]

*********************
AFTER: 
[[ 4  8  0  0]
 [ 4  2  8  4]
 [64 32  2  2]
 [16  4 64  0]]

TIME TAKEN FOR STEP: 0.644988699255

*********************

BRANCHES: 32
AI SELECT ACTION: u
*********************
BEFORE: 
[[ 4  8  0  0]
 [ 4  2  8  4]
 [64 32  2  2]
 [16  4 64  0]]

*********************
AFTER: 
[[ 8  8  8  4]
 [64  2  2  2]
 [16 32 64  0]
 [ 2  4  0  0]]

TIME TAKEN FOR STEP: 0.451237709131

*********************

BRANCHES: 26
AI SELECT ACTION: l
*********************
BEFORE: 
[[ 8  8  8  4]
 [64  2  2  2]
 [16 32 64  0]
 [ 2  4  0  0]]

*********************
AFTER: 
[[16  8  4  0]
 [64  4  2  0]
 [16 32 64  0]
 [ 2  4  0  2]]

TIME TAKEN FOR STEP: 0.364777625591

*********************

BRANCHES: 32
AI SELECT ACTION: d
*********************
BEFORE: 
[[16  8  4  0]
 [64  4  2  0]
 [16 32 64  0]
 [ 2  4  0  2]]

*********************
AFTER: 
[[16  8  0  0]
 [64  4  4  0]
 [16 32  2  2]
 [ 2  4 64  2]]

TIME TAKEN FOR STEP: 0.516047216216

*********************

BRANCHES: 36
AI SELECT ACTION: l
*********************
BEFORE: 
[[16  8  0  0]
 [64  4  4  0]
 [16 32  2  2]
 [ 2  4 64  2]]

*********************
AFTER: 
[[16  8  0  2]
 [64  8  0  0]
 [16 32  4  0]
 [ 2  4 64  2]]

TIME TAKEN FOR STEP: 0.620366467305

*********************

BRANCHES: 40
AI SELECT ACTION: l
*********************
BEFORE: 
[[16  8  0  2]
 [64  8  0  0]
 [16 32  4  0]
 [ 2  4 64  2]]

*********************
AFTER: 
[[16  8  2  4]
 [64  8  0  0]
 [16 32  4  0]
 [ 2  4 64  2]]

TIME TAKEN FOR STEP: 1.58426097156

*********************

BRANCHES: 22
AI SELECT ACTION: d
*********************
BEFORE: 
[[16  8  2  4]
 [64  8  0  0]
 [16 32  4  0]
 [ 2  4 64  2]]

*********************
AFTER: 
[[16  0  2  0]
 [64 16  2  0]
 [16 32  4  4]
 [ 2  4 64  2]]

TIME TAKEN FOR STEP: 0.585556774541

*********************

BRANCHES: 34
AI SELECT ACTION: l
*********************
BEFORE: 
[[16  0  2  0]
 [64 16  2  0]
 [16 32  4  4]
 [ 2  4 64  2]]

*********************
AFTER: 
[[16  2  0  0]
 [64 16  2  0]
 [16 32  8  2]
 [ 2  4 64  2]]

TIME TAKEN FOR STEP: 1.18708195045

*********************

BRANCHES: 22
AI SELECT ACTION: r
*********************
BEFORE: 
[[16  2  0  0]
 [64 16  2  0]
 [16 32  8  2]
 [ 2  4 64  2]]

*********************
AFTER: 
[[ 2  0 16  2]
 [ 0 64 16  2]
 [16 32  8  2]
 [ 2  4 64  2]]

TIME TAKEN FOR STEP: 0.550048217303

*********************

BRANCHES: 28
AI SELECT ACTION: u
*********************
BEFORE: 
[[ 2  0 16  2]
 [ 0 64 16  2]
 [16 32  8  2]
 [ 2  4 64  2]]

*********************
AFTER: 
[[ 2 64 32  4]
 [16 32  8  4]
 [ 2  4 64  0]
 [ 0  0  2  0]]

TIME TAKEN FOR STEP: 0.4221832779

*********************

BRANCHES: 36
AI SELECT ACTION: l
*********************
BEFORE: 
[[ 2 64 32  4]
 [16 32  8  4]
 [ 2  4 64  0]
 [ 0  0  2  0]]

*********************
AFTER: 
[[ 2 64 32  4]
 [16 32  8  4]
 [ 2  4 64  0]
 [ 2  2  0  0]]

TIME TAKEN FOR STEP: 1.1911641249

*********************

BRANCHES: 36
AI SELECT ACTION: r
*********************
BEFORE: 
[[ 2 64 32  4]
 [16 32  8  4]
 [ 2  4 64  0]
 [ 2  2  0  0]]

*********************
AFTER: 
[[ 2 64 32  4]
 [16 32  8  4]
 [ 0  2  4 64]
 [ 0  0  2  4]]

TIME TAKEN FOR STEP: 1.12130059113

*********************

BRANCHES: 22
AI SELECT ACTION: u
*********************
BEFORE: 
[[ 2 64 32  4]
 [16 32  8  4]
 [ 0  2  4 64]
 [ 0  0  2  4]]

*********************
AFTER: 
[[ 2 64 32  8]
 [16 32  8 64]
 [ 0  2  4  4]
 [ 2  0  2  0]]

TIME TAKEN FOR STEP: 0.648191465952

*********************

BRANCHES: 32
AI SELECT ACTION: r
*********************
BEFORE: 
[[ 2 64 32  8]
 [16 32  8 64]
 [ 0  2  4  4]
 [ 2  0  2  0]]

*********************
AFTER: 
[[ 2 64 32  8]
 [16 32  8 64]
 [ 0  0  2  8]
 [ 0  2  0  4]]

TIME TAKEN FOR STEP: 0.641179117503

*********************

BRANCHES: 32
AI SELECT ACTION: d
*********************
BEFORE: 
[[ 2 64 32  8]
 [16 32  8 64]
 [ 0  0  2  8]
 [ 0  2  0  4]]

*********************
AFTER: 
[[ 0  0  0  8]
 [ 2 64 32 64]
 [ 2 32  8  8]
 [16  2  2  4]]

TIME TAKEN FOR STEP: 0.543951622302

*********************

BRANCHES: 38
AI SELECT ACTION: l
*********************
BEFORE: 
[[ 0  0  0  8]
 [ 2 64 32 64]
 [ 2 32  8  8]
 [16  2  2  4]]

*********************
AFTER: 
[[ 8  0  2  0]
 [ 2 64 32 64]
 [ 2 32 16  0]
 [16  8  0  0]]

TIME TAKEN FOR STEP: 0.776912899521

*********************

BRANCHES: 44
AI SELECT ACTION: d
*********************
BEFORE: 
[[ 8  0  2  0]
 [ 2 64 32 64]
 [ 2 32 16  0]
 [16  8  0  0]]

*********************
AFTER: 
[[ 4  0  0  0]
 [ 8 64  2  0]
 [ 4 32 32  0]
 [16  8 16 64]]

TIME TAKEN FOR STEP: 1.13218770654

*********************

BRANCHES: 34
AI SELECT ACTION: u
*********************
BEFORE: 
[[ 4  0  0  0]
 [ 8 64  2  0]
 [ 4 32 32  0]
 [16  8 16 64]]

*********************
AFTER: 
[[ 4 64  2 64]
 [ 8 32 32  0]
 [ 4  8 16  0]
 [16  0  2  0]]

TIME TAKEN FOR STEP: 0.999470617075

*********************

BRANCHES: 28
AI SELECT ACTION: d
*********************
BEFORE: 
[[ 4 64  2 64]
 [ 8 32 32  0]
 [ 4  8 16  0]
 [16  0  2  0]]

*********************
AFTER: 
[[ 4  0  2  0]
 [ 8 64 32  0]
 [ 4 32 16  2]
 [16  8  2 64]]

TIME TAKEN FOR STEP: 0.540080410896

*********************

BRANCHES: 18
AI SELECT ACTION: l
*********************
BEFORE: 
[[ 4  0  2  0]
 [ 8 64 32  0]
 [ 4 32 16  2]
 [16  8  2 64]]

*********************
AFTER: 
[[ 4  2  0  0]
 [ 8 64 32  2]
 [ 4 32 16  2]
 [16  8  2 64]]

TIME TAKEN FOR STEP: 0.266014129783

*********************

BRANCHES: 16
AI SELECT ACTION: r
*********************
BEFORE: 
[[ 4  2  0  0]
 [ 8 64 32  2]
 [ 4 32 16  2]
 [16  8  2 64]]

*********************
AFTER: 
[[ 0  2  4  2]
 [ 8 64 32  2]
 [ 4 32 16  2]
 [16  8  2 64]]

TIME TAKEN FOR STEP: 0.188095679248

*********************

BRANCHES: 10
AI SELECT ACTION: u
*********************
BEFORE: 
[[ 0  2  4  2]
 [ 8 64 32  2]
 [ 4 32 16  2]
 [16  8  2 64]]

*********************
AFTER: 
[[ 8  2  4  4]
 [ 4 64 32  2]
 [16 32 16 64]
 [ 4  8  2  0]]

TIME TAKEN FOR STEP: 0.144393143464

*********************

BRANCHES: 10
AI SELECT ACTION: d
*********************
BEFORE: 
[[ 8  2  4  4]
 [ 4 64 32  2]
 [16 32 16 64]
 [ 4  8  2  0]]

*********************
AFTER: 
[[ 8  2  4  2]
 [ 4 64 32  4]
 [16 32 16  2]
 [ 4  8  2 64]]

TIME TAKEN FOR STEP: 0.104702856179

FINISHED: 
[[ 8  2  4  2]
 [ 4 64 32  4]
 [16 32 16  2]
 [ 4  8  2 64]]

IS WIN?: 
False

IS LOSE?: 
True

