STARTIG BOARD: 
[[0 0 0 0]
 [0 0 0 0]
 [0 0 0 0]
 [2 0 0 2]]

*********************

BRANCHES: 88
AI SELECT ACTION: r
*********************
BEFORE: 
[[0 0 0 0]
 [0 0 0 0]
 [0 0 0 0]
 [2 0 0 2]]

*********************
AFTER: 
[[0 0 0 0]
 [0 0 0 0]
 [0 0 0 0]
 [0 2 0 4]]

TIME TAKEN FOR STEP: 3.84037287521

*********************

BRANCHES: 84
AI SELECT ACTION: u
*********************
BEFORE: 
[[0 0 0 0]
 [0 0 0 0]
 [0 0 0 0]
 [0 2 0 4]]

*********************
AFTER: 
[[0 2 0 4]
 [0 0 0 0]
 [0 0 0 2]
 [0 0 0 0]]

TIME TAKEN FOR STEP: 3.57090629962

*********************

BRANCHES: 104
AI SELECT ACTION: d
*********************
BEFORE: 
[[0 2 0 4]
 [0 0 0 0]
 [0 0 0 2]
 [0 0 0 0]]

*********************
AFTER: 
[[0 0 0 2]
 [0 0 0 0]
 [0 0 0 4]
 [0 2 0 2]]

TIME TAKEN FOR STEP: 4.23359495648

*********************

BRANCHES: 100
AI SELECT ACTION: d
*********************
BEFORE: 
[[0 0 0 2]
 [0 0 0 0]
 [0 0 0 4]
 [0 2 0 2]]

*********************
AFTER: 
[[0 0 0 0]
 [0 0 2 2]
 [0 0 0 4]
 [0 2 0 2]]

TIME TAKEN FOR STEP: 5.6355230165

*********************

BRANCHES: 96
AI SELECT ACTION: d
*********************
BEFORE: 
[[0 0 0 0]
 [0 0 2 2]
 [0 0 0 4]
 [0 2 0 2]]

*********************
AFTER: 
[[4 0 0 0]
 [0 0 0 2]
 [0 0 0 4]
 [0 2 2 2]]

TIME TAKEN FOR STEP: 7.23712759985

*********************

BRANCHES: 84
AI SELECT ACTION: r
*********************
BEFORE: 
[[4 0 0 0]
 [0 0 0 2]
 [0 0 0 4]
 [0 2 2 2]]

*********************
AFTER: 
[[0 0 0 4]
 [4 0 0 2]
 [0 0 0 4]
 [0 0 2 4]]

TIME TAKEN FOR STEP: 5.63549970785

*********************

BRANCHES: 84
AI SELECT ACTION: r
*********************
BEFORE: 
[[0 0 0 4]
 [4 0 0 2]
 [0 0 0 4]
 [0 0 2 4]]

*********************
AFTER: 
[[0 0 0 4]
 [0 0 4 2]
 [0 0 0 4]
 [0 4 2 4]]

TIME TAKEN FOR STEP: 5.48578231537

*********************

BRANCHES: 58
AI SELECT ACTION: d
*********************
BEFORE: 
[[0 0 0 4]
 [0 0 4 2]
 [0 0 0 4]
 [0 4 2 4]]

*********************
AFTER: 
[[0 0 0 0]
 [4 0 0 4]
 [0 0 4 2]
 [0 4 2 8]]

TIME TAKEN FOR STEP: 3.51532069741

*********************

BRANCHES: 76
AI SELECT ACTION: d
*********************
BEFORE: 
[[0 0 0 0]
 [4 0 0 4]
 [0 0 4 2]
 [0 4 2 8]]

*********************
AFTER: 
[[0 0 2 0]
 [0 0 0 4]
 [0 0 4 2]
 [4 4 2 8]]

TIME TAKEN FOR STEP: 5.19522694132

*********************

BRANCHES: 68
AI SELECT ACTION: l
*********************
BEFORE: 
[[0 0 2 0]
 [0 0 0 4]
 [0 0 4 2]
 [4 4 2 8]]

*********************
AFTER: 
[[2 0 0 0]
 [4 0 0 0]
 [4 2 0 0]
 [8 2 8 2]]

TIME TAKEN FOR STEP: 4.84498166715

*********************

BRANCHES: 58
AI SELECT ACTION: u
*********************
BEFORE: 
[[2 0 0 0]
 [4 0 0 0]
 [4 2 0 0]
 [8 2 8 2]]

*********************
AFTER: 
[[ 2  4  8  2]
 [16  0  0  0]
 [ 0  0  2  0]
 [ 0  0  0  0]]

TIME TAKEN FOR STEP: 3.6149778232

*********************

BRANCHES: 80
AI SELECT ACTION: r
*********************
BEFORE: 
[[ 2  4  8  2]
 [16  0  0  0]
 [ 0  0  2  0]
 [ 0  0  0  0]]

*********************
AFTER: 
[[ 2  4  8  2]
 [ 2  0  0 16]
 [ 0  0  0  2]
 [ 0  0  0  0]]

TIME TAKEN FOR STEP: 4.08709178749

*********************

BRANCHES: 76
AI SELECT ACTION: d
*********************
BEFORE: 
[[ 2  4  8  2]
 [ 2  0  0 16]
 [ 0  0  0  2]
 [ 0  0  0  0]]

*********************
AFTER: 
[[ 0  2  0  0]
 [ 0  0  0  2]
 [ 0  0  0 16]
 [ 4  4  8  2]]

TIME TAKEN FOR STEP: 2.71874596296

*********************

BRANCHES: 78
AI SELECT ACTION: l
*********************
BEFORE: 
[[ 0  2  0  0]
 [ 0  0  0  2]
 [ 0  0  0 16]
 [ 4  4  8  2]]

*********************
AFTER: 
[[ 2  0  0  0]
 [ 2  0  0  0]
 [16  0  0  2]
 [16  2  0  0]]

TIME TAKEN FOR STEP: 2.69988965922

*********************

BRANCHES: 88
AI SELECT ACTION: u
*********************
BEFORE: 
[[ 2  0  0  0]
 [ 2  0  0  0]
 [16  0  0  2]
 [16  2  0  0]]

*********************
AFTER: 
[[ 4  2  0  2]
 [32  0  0  0]
 [ 0  0  0  0]
 [ 2  0  0  0]]

TIME TAKEN FOR STEP: 2.84431717306

*********************

BRANCHES: 94
AI SELECT ACTION: r
*********************
BEFORE: 
[[ 4  2  0  2]
 [32  0  0  0]
 [ 0  0  0  0]
 [ 2  0  0  0]]

*********************
AFTER: 
[[ 0  0  0  8]
 [ 0  0  2 32]
 [ 0  0  0  0]
 [ 0  0  0  2]]

TIME TAKEN FOR STEP: 2.61775194775

*********************

BRANCHES: 72
AI SELECT ACTION: l
*********************
BEFORE: 
[[ 0  0  0  8]
 [ 0  0  2 32]
 [ 0  0  0  0]
 [ 0  0  0  2]]

*********************
AFTER: 
[[ 8  0  0  2]
 [ 2 32  0  0]
 [ 0  0  0  0]
 [ 2  0  0  0]]

TIME TAKEN FOR STEP: 2.45659474828

*********************

BRANCHES: 92
AI SELECT ACTION: d
*********************
BEFORE: 
[[ 8  0  0  2]
 [ 2 32  0  0]
 [ 0  0  0  0]
 [ 2  0  0  0]]

*********************
AFTER: 
[[ 2  0  0  0]
 [ 0  0  0  0]
 [ 8  0  0  0]
 [ 4 32  0  2]]

TIME TAKEN FOR STEP: 2.88434365801

*********************

BRANCHES: 88
AI SELECT ACTION: u
*********************
BEFORE: 
[[ 2  0  0  0]
 [ 0  0  0  0]
 [ 8  0  0  0]
 [ 4 32  0  2]]

*********************
AFTER: 
[[ 2 32  0  2]
 [ 8  0  2  0]
 [ 4  0  0  0]
 [ 0  0  0  0]]

TIME TAKEN FOR STEP: 2.57447133806

*********************

BRANCHES: 80
AI SELECT ACTION: r
*********************
BEFORE: 
[[ 2 32  0  2]
 [ 8  0  2  0]
 [ 4  0  0  0]
 [ 0  0  0  0]]

*********************
AFTER: 
[[ 0  2 32  2]
 [ 2  0  8  2]
 [ 0  0  0  4]
 [ 0  0  0  0]]

TIME TAKEN FOR STEP: 2.74868177726

*********************

BRANCHES: 78
AI SELECT ACTION: l
*********************
BEFORE: 
[[ 0  2 32  2]
 [ 2  0  8  2]
 [ 0  0  0  4]
 [ 0  0  0  0]]

*********************
AFTER: 
[[ 2 32  2  0]
 [ 2  8  2  2]
 [ 4  0  0  0]
 [ 0  0  0  0]]

TIME TAKEN FOR STEP: 2.40204065266

*********************

BRANCHES: 78
AI SELECT ACTION: d
*********************
BEFORE: 
[[ 2 32  2  0]
 [ 2  8  2  2]
 [ 4  0  0  0]
 [ 0  0  0  0]]

*********************
AFTER: 
[[ 0  0  0  2]
 [ 0  0  0  0]
 [ 4 32  0  0]
 [ 4  8  4  2]]

TIME TAKEN FOR STEP: 2.50888750968

*********************

BRANCHES: 80
AI SELECT ACTION: l
*********************
BEFORE: 
[[ 0  0  0  2]
 [ 0  0  0  0]
 [ 4 32  0  0]
 [ 4  8  4  2]]

*********************
AFTER: 
[[ 2  0  0  0]
 [ 0  0  0  2]
 [ 4 32  0  0]
 [ 4  8  4  2]]

TIME TAKEN FOR STEP: 2.38559541159

*********************

BRANCHES: 72
AI SELECT ACTION: d
*********************
BEFORE: 
[[ 2  0  0  0]
 [ 0  0  0  2]
 [ 4 32  0  0]
 [ 4  8  4  2]]

*********************
AFTER: 
[[ 0  0  4  0]
 [ 0  0  0  0]
 [ 2 32  0  0]
 [ 8  8  4  4]]

TIME TAKEN FOR STEP: 2.24700849265

*********************

BRANCHES: 84
AI SELECT ACTION: l
*********************
BEFORE: 
[[ 0  0  4  0]
 [ 0  0  0  0]
 [ 2 32  0  0]
 [ 8  8  4  4]]

*********************
AFTER: 
[[ 4  0  4  0]
 [ 0  0  0  0]
 [ 2 32  0  0]
 [16  8  0  0]]

TIME TAKEN FOR STEP: 2.48619278467

*********************

BRANCHES: 84
AI SELECT ACTION: l
*********************
BEFORE: 
[[ 4  0  4  0]
 [ 0  0  0  0]
 [ 2 32  0  0]
 [16  8  0  0]]

*********************
AFTER: 
[[ 8  2  0  0]
 [ 0  0  0  0]
 [ 2 32  0  0]
 [16  8  0  0]]

TIME TAKEN FOR STEP: 2.23239317823

*********************

BRANCHES: 60
AI SELECT ACTION: d
*********************
BEFORE: 
[[ 8  2  0  0]
 [ 0  0  0  0]
 [ 2 32  0  0]
 [16  8  0  0]]

*********************
AFTER: 
[[ 0  0  0  0]
 [ 8  2  0  4]
 [ 2 32  0  0]
 [16  8  0  0]]

TIME TAKEN FOR STEP: 1.66102979201

*********************

BRANCHES: 72
AI SELECT ACTION: u
*********************
BEFORE: 
[[ 0  0  0  0]
 [ 8  2  0  4]
 [ 2 32  0  0]
 [16  8  0  0]]

*********************
AFTER: 
[[ 8  2  2  4]
 [ 2 32  0  0]
 [16  8  0  0]
 [ 0  0  0  0]]

TIME TAKEN FOR STEP: 2.00513896499

*********************

BRANCHES: 54
AI SELECT ACTION: d
*********************
BEFORE: 
[[ 8  2  2  4]
 [ 2 32  0  0]
 [16  8  0  0]
 [ 0  0  0  0]]

*********************
AFTER: 
[[ 0  2  0  0]
 [ 8  2  0  0]
 [ 2 32  0  0]
 [16  8  2  4]]

TIME TAKEN FOR STEP: 1.43086357763

*********************

BRANCHES: 60
AI SELECT ACTION: d
*********************
BEFORE: 
[[ 0  2  0  0]
 [ 8  2  0  0]
 [ 2 32  0  0]
 [16  8  2  4]]

*********************
AFTER: 
[[ 0  2  0  0]
 [ 8  4  0  0]
 [ 2 32  0  0]
 [16  8  2  4]]

TIME TAKEN FOR STEP: 1.6152037986

*********************

BRANCHES: 42
AI SELECT ACTION: u
*********************
BEFORE: 
[[ 0  2  0  0]
 [ 8  4  0  0]
 [ 2 32  0  0]
 [16  8  2  4]]

*********************
AFTER: 
[[ 8  2  2  4]
 [ 2  4  0  0]
 [16 32  2  0]
 [ 0  8  0  0]]

TIME TAKEN FOR STEP: 1.15647848157

*********************

BRANCHES: 58
AI SELECT ACTION: r
*********************
BEFORE: 
[[ 8  2  2  4]
 [ 2  4  0  0]
 [16 32  2  0]
 [ 0  8  0  0]]

*********************
AFTER: 
[[ 0  8  4  4]
 [ 2  0  2  4]
 [ 0 16 32  2]
 [ 0  0  0  8]]

TIME TAKEN FOR STEP: 1.6144409341

*********************

BRANCHES: 64
AI SELECT ACTION: r
*********************
BEFORE: 
[[ 0  8  4  4]
 [ 2  0  2  4]
 [ 0 16 32  2]
 [ 0  0  0  8]]

*********************
AFTER: 
[[ 0  0  0 16]
 [ 0  0  4  4]
 [ 2 16 32  2]
 [ 0  0  0  8]]

TIME TAKEN FOR STEP: 1.70551059971

*********************

BRANCHES: 68
AI SELECT ACTION: u
*********************
BEFORE: 
[[ 0  0  0 16]
 [ 0  0  4  4]
 [ 2 16 32  2]
 [ 0  0  0  8]]

*********************
AFTER: 
[[ 2 16  4 16]
 [ 0  0 32  4]
 [ 0  0  0  2]
 [ 2  0  0  8]]

TIME TAKEN FOR STEP: 1.91254712594

*********************

BRANCHES: 60
AI SELECT ACTION: d
*********************
BEFORE: 
[[ 2 16  4 16]
 [ 0  0 32  4]
 [ 0  0  0  2]
 [ 2  0  0  8]]

*********************
AFTER: 
[[ 0  0  0 16]
 [ 2  0  0  4]
 [ 0  0  4  2]
 [ 4 16 32  8]]

TIME TAKEN FOR STEP: 1.460870108

*********************

BRANCHES: 56
AI SELECT ACTION: u
*********************
BEFORE: 
[[ 0  0  0 16]
 [ 2  0  0  4]
 [ 0  0  4  2]
 [ 4 16 32  8]]

*********************
AFTER: 
[[ 2 16  4 16]
 [ 4  2 32  4]
 [ 0  0  0  2]
 [ 0  0  0  8]]

TIME TAKEN FOR STEP: 1.48654359962

*********************

BRANCHES: 24
AI SELECT ACTION: d
*********************
BEFORE: 
[[ 2 16  4 16]
 [ 4  2 32  4]
 [ 0  0  0  2]
 [ 0  0  0  8]]

*********************
AFTER: 
[[ 0  2  0 16]
 [ 0  0  0  4]
 [ 2 16  4  2]
 [ 4  2 32  8]]

TIME TAKEN FOR STEP: 0.41911641249

*********************

BRANCHES: 40
AI SELECT ACTION: d
*********************
BEFORE: 
[[ 0  2  0 16]
 [ 0  0  0  4]
 [ 2 16  4  2]
 [ 4  2 32  8]]

*********************
AFTER: 
[[ 2  0  0 16]
 [ 0  2  0  4]
 [ 2 16  4  2]
 [ 4  2 32  8]]

TIME TAKEN FOR STEP: 0.996283257791

*********************

BRANCHES: 38
AI SELECT ACTION: d
*********************
BEFORE: 
[[ 2  0  0 16]
 [ 0  2  0  4]
 [ 2 16  4  2]
 [ 4  2 32  8]]

*********************
AFTER: 
[[ 0  0  0 16]
 [ 2  2  0  4]
 [ 4 16  4  2]
 [ 4  2 32  8]]

TIME TAKEN FOR STEP: 0.988941822792

*********************

BRANCHES: 42
AI SELECT ACTION: l
*********************
BEFORE: 
[[ 0  0  0 16]
 [ 2  2  0  4]
 [ 4 16  4  2]
 [ 4  2 32  8]]

*********************
AFTER: 
[[16  0  0  0]
 [ 8  0  0  2]
 [ 4 16  4  2]
 [ 4  2 32  8]]

TIME TAKEN FOR STEP: 1.10636132597

*********************

BRANCHES: 52
AI SELECT ACTION: u
*********************
BEFORE: 
[[16  0  0  0]
 [ 8  0  0  2]
 [ 4 16  4  2]
 [ 4  2 32  8]]

*********************
AFTER: 
[[16 16  4  4]
 [ 8  2 32  8]
 [ 8  0  0  0]
 [ 0  2  0  0]]

TIME TAKEN FOR STEP: 1.04268722674

*********************

BRANCHES: 66
AI SELECT ACTION: u
*********************
BEFORE: 
[[16 16  4  4]
 [ 8  2 32  8]
 [ 8  0  0  0]
 [ 0  2  0  0]]

*********************
AFTER: 
[[16 16  4  4]
 [16  4 32  8]
 [ 0  0  0  0]
 [ 0  0  2  0]]

TIME TAKEN FOR STEP: 1.67111098118

*********************

BRANCHES: 68
AI SELECT ACTION: u
*********************
BEFORE: 
[[16 16  4  4]
 [16  4 32  8]
 [ 0  0  0  0]
 [ 0  0  2  0]]

*********************
AFTER: 
[[32 16  4  4]
 [ 0  4 32  8]
 [ 2  0  2  0]
 [ 0  0  0  0]]

TIME TAKEN FOR STEP: 1.58821554102

*********************

BRANCHES: 64
AI SELECT ACTION: u
*********************
BEFORE: 
[[32 16  4  4]
 [ 0  4 32  8]
 [ 2  0  2  0]
 [ 0  0  0  0]]

*********************
AFTER: 
[[32 16  4  4]
 [ 2  4 32  8]
 [ 0  0  2  0]
 [ 0  0  2  0]]

TIME TAKEN FOR STEP: 1.53645532304

*********************

BRANCHES: 56
AI SELECT ACTION: r
*********************
BEFORE: 
[[32 16  4  4]
 [ 2  4 32  8]
 [ 0  0  2  0]
 [ 0  0  2  0]]

*********************
AFTER: 
[[ 0 32 16  8]
 [ 2  4 32  8]
 [ 0  0  2  2]
 [ 0  0  0  2]]

TIME TAKEN FOR STEP: 1.22740315157

*********************

BRANCHES: 60
AI SELECT ACTION: d
*********************
BEFORE: 
[[ 0 32 16  8]
 [ 2  4 32  8]
 [ 0  0  2  2]
 [ 0  0  0  2]]

*********************
AFTER: 
[[ 0  0  4  0]
 [ 0  0 16  0]
 [ 0 32 32 16]
 [ 2  4  2  4]]

TIME TAKEN FOR STEP: 1.41099907595

*********************

BRANCHES: 46
AI SELECT ACTION: u
*********************
BEFORE: 
[[ 0  0  4  0]
 [ 0  0 16  0]
 [ 0 32 32 16]
 [ 2  4  2  4]]

*********************
AFTER: 
[[ 2 32  4 16]
 [ 0  4 16  4]
 [ 0  0 32  0]
 [ 2  0  2  0]]

TIME TAKEN FOR STEP: 1.18950170449

*********************

BRANCHES: 56
AI SELECT ACTION: d
*********************
BEFORE: 
[[ 2 32  4 16]
 [ 0  4 16  4]
 [ 0  0 32  0]
 [ 2  0  2  0]]

*********************
AFTER: 
[[ 0  0  4  0]
 [ 0  2 16  0]
 [ 0 32 32 16]
 [ 4  4  2  4]]

TIME TAKEN FOR STEP: 1.28699428622

*********************

BRANCHES: 44
AI SELECT ACTION: l
*********************
BEFORE: 
[[ 0  0  4  0]
 [ 0  2 16  0]
 [ 0 32 32 16]
 [ 4  4  2  4]]

*********************
AFTER: 
[[ 4  2  0  0]
 [ 2 16  0  0]
 [64 16  0  0]
 [ 8  2  4  0]]

TIME TAKEN FOR STEP: 1.08782186186

*********************

BRANCHES: 46
AI SELECT ACTION: r
*********************
BEFORE: 
[[ 4  2  0  0]
 [ 2 16  0  0]
 [64 16  0  0]
 [ 8  2  4  0]]

*********************
AFTER: 
[[ 0  0  4  2]
 [ 0  0  2 16]
 [ 0  0 64 16]
 [ 2  8  2  4]]

TIME TAKEN FOR STEP: 1.04018213933

*********************

BRANCHES: 40
AI SELECT ACTION: d
*********************
BEFORE: 
[[ 0  0  4  2]
 [ 0  0  2 16]
 [ 0  0 64 16]
 [ 2  8  2  4]]

*********************
AFTER: 
[[ 0  2  4  0]
 [ 0  0  2  2]
 [ 0  0 64 32]
 [ 2  8  2  4]]

TIME TAKEN FOR STEP: 0.896946132127

*********************

BRANCHES: 52
AI SELECT ACTION: u
*********************
BEFORE: 
[[ 0  2  4  0]
 [ 0  0  2  2]
 [ 0  0 64 32]
 [ 2  8  2  4]]

*********************
AFTER: 
[[ 2  2  4  2]
 [ 2  8  2 32]
 [ 0  0 64  4]
 [ 0  0  2  0]]

TIME TAKEN FOR STEP: 1.3040581942

*********************

BRANCHES: 50
AI SELECT ACTION: l
*********************
BEFORE: 
[[ 2  2  4  2]
 [ 2  8  2 32]
 [ 0  0 64  4]
 [ 0  0  2  0]]

*********************
AFTER: 
[[ 8  2  0  0]
 [ 2  8  2 32]
 [64  4  2  0]
 [ 2  0  0  0]]

TIME TAKEN FOR STEP: 1.17127908001

*********************

BRANCHES: 40
AI SELECT ACTION: u
*********************
BEFORE: 
[[ 8  2  0  0]
 [ 2  8  2 32]
 [64  4  2  0]
 [ 2  0  0  0]]

*********************
AFTER: 
[[ 8  2  4 32]
 [ 2  8  0  0]
 [64  4  0  0]
 [ 2  2  0  0]]

TIME TAKEN FOR STEP: 0.9783063618

*********************

BRANCHES: 40
AI SELECT ACTION: d
*********************
BEFORE: 
[[ 8  2  4 32]
 [ 2  8  0  0]
 [64  4  0  0]
 [ 2  2  0  0]]

*********************
AFTER: 
[[ 8  2  0  0]
 [ 2  8  2  0]
 [64  4  0  0]
 [ 2  2  4 32]]

TIME TAKEN FOR STEP: 1.0238775403

*********************

BRANCHES: 46
AI SELECT ACTION: r
*********************
BEFORE: 
[[ 8  2  0  0]
 [ 2  8  2  0]
 [64  4  0  0]
 [ 2  2  4 32]]

*********************
AFTER: 
[[ 0  2  8  2]
 [ 0  2  8  2]
 [ 0  0 64  4]
 [ 0  4  4 32]]

TIME TAKEN FOR STEP: 1.1233023697

*********************

BRANCHES: 60
AI SELECT ACTION: d
*********************
BEFORE: 
[[ 0  2  8  2]
 [ 0  2  8  2]
 [ 0  0 64  4]
 [ 0  4  4 32]]

*********************
AFTER: 
[[ 2  0  0  0]
 [ 0  0 16  4]
 [ 0  4 64  4]
 [ 0  4  4 32]]

TIME TAKEN FOR STEP: 1.41027729789

*********************

BRANCHES: 68
AI SELECT ACTION: u
*********************
BEFORE: 
[[ 2  0  0  0]
 [ 0  0 16  4]
 [ 0  4 64  4]
 [ 0  4  4 32]]

*********************
AFTER: 
[[ 2  8 16  8]
 [ 0  0 64 32]
 [ 0  0  4  0]
 [ 0  2  0  0]]

TIME TAKEN FOR STEP: 1.65173398587

*********************

BRANCHES: 64
AI SELECT ACTION: u
*********************
BEFORE: 
[[ 2  8 16  8]
 [ 0  0 64 32]
 [ 0  0  4  0]
 [ 0  2  0  0]]

*********************
AFTER: 
[[ 2  8 16  8]
 [ 0  2 64 32]
 [ 0  0  4  0]
 [ 0  0  2  0]]

TIME TAKEN FOR STEP: 1.42981231795

*********************

BRANCHES: 42
AI SELECT ACTION: r
*********************
BEFORE: 
[[ 2  8 16  8]
 [ 0  2 64 32]
 [ 0  0  4  0]
 [ 0  0  2  0]]

*********************
AFTER: 
[[ 2  8 16  8]
 [ 2  2 64 32]
 [ 0  0  0  4]
 [ 0  0  0  2]]

TIME TAKEN FOR STEP: 0.953335290207

*********************

BRANCHES: 56
AI SELECT ACTION: r
*********************
BEFORE: 
[[ 2  8 16  8]
 [ 2  2 64 32]
 [ 0  0  0  4]
 [ 0  0  0  2]]

*********************
AFTER: 
[[ 2  8 16  8]
 [ 0  4 64 32]
 [ 2  0  0  4]
 [ 0  0  0  2]]

TIME TAKEN FOR STEP: 1.19335395293

*********************

BRANCHES: 52
AI SELECT ACTION: d
*********************
BEFORE: 
[[ 2  8 16  8]
 [ 0  4 64 32]
 [ 2  0  0  4]
 [ 0  0  0  2]]

*********************
AFTER: 
[[ 0  2  0  8]
 [ 0  0  0 32]
 [ 0  8 16  4]
 [ 4  4 64  2]]

TIME TAKEN FOR STEP: 1.04197848572

*********************

BRANCHES: 52
AI SELECT ACTION: r
*********************
BEFORE: 
[[ 0  2  0  8]
 [ 0  0  0 32]
 [ 0  8 16  4]
 [ 4  4 64  2]]

*********************
AFTER: 
[[ 0  0  2  8]
 [ 0  0  4 32]
 [ 0  8 16  4]
 [ 0  8 64  2]]

TIME TAKEN FOR STEP: 1.16066376718

*********************

BRANCHES: 40
AI SELECT ACTION: d
*********************
BEFORE: 
[[ 0  0  2  8]
 [ 0  0  4 32]
 [ 0  8 16  4]
 [ 0  8 64  2]]

*********************
AFTER: 
[[ 0  2  2  8]
 [ 0  0  4 32]
 [ 0  0 16  4]
 [ 0 16 64  2]]

TIME TAKEN FOR STEP: 0.911361940291

*********************

BRANCHES: 52
AI SELECT ACTION: u
*********************
BEFORE: 
[[ 0  2  2  8]
 [ 0  0  4 32]
 [ 0  0 16  4]
 [ 0 16 64  2]]

*********************
AFTER: 
[[ 4  2  2  8]
 [ 0 16  4 32]
 [ 0  0 16  4]
 [ 0  0 64  2]]

TIME TAKEN FOR STEP: 1.19989380737

*********************

BRANCHES: 36
AI SELECT ACTION: d
*********************
BEFORE: 
[[ 4  2  2  8]
 [ 0 16  4 32]
 [ 0  0 16  4]
 [ 0  0 64  2]]

*********************
AFTER: 
[[ 0  0  2  8]
 [ 0  4  4 32]
 [ 0  2 16  4]
 [ 4 16 64  2]]

TIME TAKEN FOR STEP: 0.844169419919

*********************

BRANCHES: 28
AI SELECT ACTION: u
*********************
BEFORE: 
[[ 0  0  2  8]
 [ 0  4  4 32]
 [ 0  2 16  4]
 [ 4 16 64  2]]

*********************
AFTER: 
[[ 4  4  2  8]
 [ 0  2  4 32]
 [ 0 16 16  4]
 [ 2  0 64  2]]

TIME TAKEN FOR STEP: 0.713229713869

*********************

BRANCHES: 32
AI SELECT ACTION: l
*********************
BEFORE: 
[[ 4  4  2  8]
 [ 0  2  4 32]
 [ 0 16 16  4]
 [ 2  0 64  2]]

*********************
AFTER: 
[[ 8  2  8  2]
 [ 2  4 32  0]
 [32  4  0  0]
 [ 2 64  2  0]]

TIME TAKEN FOR STEP: 0.715223196138

*********************

BRANCHES: 28
AI SELECT ACTION: d
*********************
BEFORE: 
[[ 8  2  8  2]
 [ 2  4 32  0]
 [32  4  0  0]
 [ 2 64  2  0]]

*********************
AFTER: 
[[ 8  0  0  0]
 [ 2  2  8  2]
 [32  8 32  0]
 [ 2 64  2  2]]

TIME TAKEN FOR STEP: 0.611027204356

*********************

BRANCHES: 44
AI SELECT ACTION: l
*********************
BEFORE: 
[[ 8  0  0  0]
 [ 2  2  8  2]
 [32  8 32  0]
 [ 2 64  2  2]]

*********************
AFTER: 
[[ 8  0  0  0]
 [ 4  8  2  2]
 [32  8 32  0]
 [ 2 64  4  0]]

TIME TAKEN FOR STEP: 0.812033110927

*********************

BRANCHES: 48
AI SELECT ACTION: r
*********************
BEFORE: 
[[ 8  0  0  0]
 [ 4  8  2  2]
 [32  8 32  0]
 [ 2 64  4  0]]

*********************
AFTER: 
[[ 0  2  0  8]
 [ 0  4  8  4]
 [ 0 32  8 32]
 [ 0  2 64  4]]

TIME TAKEN FOR STEP: 0.845244778368

*********************

BRANCHES: 44
AI SELECT ACTION: d
*********************
BEFORE: 
[[ 0  2  0  8]
 [ 0  4  8  4]
 [ 0 32  8 32]
 [ 0  2 64  4]]

*********************
AFTER: 
[[ 0  2  0  8]
 [ 0  4  2  4]
 [ 0 32 16 32]
 [ 0  2 64  4]]

TIME TAKEN FOR STEP: 0.758632596003

*********************

BRANCHES: 30
AI SELECT ACTION: u
*********************
BEFORE: 
[[ 0  2  0  8]
 [ 0  4  2  4]
 [ 0 32 16 32]
 [ 0  2 64  4]]

*********************
AFTER: 
[[ 0  2  2  8]
 [ 0  4 16  4]
 [ 2 32 64 32]
 [ 0  2  0  4]]

TIME TAKEN FOR STEP: 0.551069847336

*********************

BRANCHES: 36
AI SELECT ACTION: l
*********************
BEFORE: 
[[ 0  2  2  8]
 [ 0  4 16  4]
 [ 2 32 64 32]
 [ 0  2  0  4]]

*********************
AFTER: 
[[ 4  8  0  0]
 [ 4 16  4  0]
 [ 2 32 64 32]
 [ 2  4  4  0]]

TIME TAKEN FOR STEP: 0.710237120094

*********************

BRANCHES: 44
AI SELECT ACTION: l
*********************
BEFORE: 
[[ 4  8  0  0]
 [ 4 16  4  0]
 [ 2 32 64 32]
 [ 2  4  4  0]]

*********************
AFTER: 
[[ 4  8  4  0]
 [ 4 16  4  0]
 [ 2 32 64 32]
 [ 2  8  0  0]]

TIME TAKEN FOR STEP: 0.735991599404

*********************

BRANCHES: 36
AI SELECT ACTION: d
*********************
BEFORE: 
[[ 4  8  4  0]
 [ 4 16  4  0]
 [ 2 32 64 32]
 [ 2  8  0  0]]

*********************
AFTER: 
[[ 0  8  0  0]
 [ 0 16  0  2]
 [ 4 32  8  0]
 [ 8  8 64 32]]

TIME TAKEN FOR STEP: 0.63460410256

*********************

BRANCHES: 52
AI SELECT ACTION: l
*********************
BEFORE: 
[[ 0  8  0  0]
 [ 0 16  0  2]
 [ 4 32  8  0]
 [ 8  8 64 32]]

*********************
AFTER: 
[[ 8  0  0  0]
 [16  2  0  2]
 [ 4 32  8  0]
 [16 64 32  0]]

TIME TAKEN FOR STEP: 0.796221549125

*********************

BRANCHES: 52
AI SELECT ACTION: d
*********************
BEFORE: 
[[ 8  0  0  0]
 [16  2  0  2]
 [ 4 32  8  0]
 [16 64 32  0]]

*********************
AFTER: 
[[ 8  0  2  0]
 [16  2  0  0]
 [ 4 32  8  0]
 [16 64 32  2]]

TIME TAKEN FOR STEP: 0.97262300153

*********************

BRANCHES: 40
AI SELECT ACTION: u
*********************
BEFORE: 
[[ 8  0  2  0]
 [16  2  0  0]
 [ 4 32  8  0]
 [16 64 32  2]]

*********************
AFTER: 
[[ 8  2  2  2]
 [16 32  8  0]
 [ 4 64 32  0]
 [16  2  0  0]]

TIME TAKEN FOR STEP: 0.687883728547

*********************

BRANCHES: 28
AI SELECT ACTION: l
*********************
BEFORE: 
[[ 8  2  2  2]
 [16 32  8  0]
 [ 4 64 32  0]
 [16  2  0  0]]

*********************
AFTER: 
[[ 8  4  2  0]
 [16 32  8  0]
 [ 4 64 32  0]
 [16  2  2  0]]

TIME TAKEN FOR STEP: 0.390976549522

*********************

BRANCHES: 20
AI SELECT ACTION: l
*********************
BEFORE: 
[[ 8  4  2  0]
 [16 32  8  0]
 [ 4 64 32  0]
 [16  2  2  0]]

*********************
AFTER: 
[[ 8  4  2  0]
 [16 32  8  0]
 [ 4 64 32  0]
 [16  4  0  2]]

TIME TAKEN FOR STEP: 0.261801189847

*********************

BRANCHES: 32
AI SELECT ACTION: d
*********************
BEFORE: 
[[ 8  4  2  0]
 [16 32  8  0]
 [ 4 64 32  0]
 [16  4  0  2]]

*********************
AFTER: 
[[ 8  4  0  2]
 [16 32  2  0]
 [ 4 64  8  0]
 [16  4 32  2]]

TIME TAKEN FOR STEP: 0.703429808762

*********************

BRANCHES: 28
AI SELECT ACTION: u
*********************
BEFORE: 
[[ 8  4  0  2]
 [16 32  2  0]
 [ 4 64  8  0]
 [16  4 32  2]]

*********************
AFTER: 
[[ 8  4  2  4]
 [16 32  8  0]
 [ 4 64 32  0]
 [16  4  2  0]]

TIME TAKEN FOR STEP: 0.303372366764

*********************

BRANCHES: 12
AI SELECT ACTION: r
*********************
BEFORE: 
[[ 8  4  2  4]
 [16 32  8  0]
 [ 4 64 32  0]
 [16  4  2  0]]

*********************
AFTER: 
[[ 8  4  2  4]
 [ 2 16 32  8]
 [ 0  4 64 32]
 [ 0 16  4  2]]

TIME TAKEN FOR STEP: 0.163652410332

*********************

BRANCHES: 8
AI SELECT ACTION: d
*********************
BEFORE: 
[[ 8  4  2  4]
 [ 2 16 32  8]
 [ 0  4 64 32]
 [ 0 16  4  2]]

*********************
AFTER: 
[[ 0  4  2  4]
 [ 2 16 32  8]
 [ 8  4 64 32]
 [ 2 16  4  2]]

TIME TAKEN FOR STEP: 0.0838799343723

*********************

BRANCHES: 4
AI SELECT ACTION: u
*********************
BEFORE: 
[[ 0  4  2  4]
 [ 2 16 32  8]
 [ 8  4 64 32]
 [ 2 16  4  2]]

*********************
AFTER: 
[[ 2  4  2  4]
 [ 8 16 32  8]
 [ 2  4 64 32]
 [ 2 16  4  2]]

TIME TAKEN FOR STEP: 0.0212954158204

*********************

BRANCHES: 4
AI SELECT ACTION: u
*********************
BEFORE: 
[[ 2  4  2  4]
 [ 8 16 32  8]
 [ 2  4 64 32]
 [ 2 16  4  2]]

*********************
AFTER: 
[[ 2  4  2  4]
 [ 8 16 32  8]
 [ 4  4 64 32]
 [ 2 16  4  2]]

TIME TAKEN FOR STEP: 0.0189519087217

*********************

BRANCHES: 4
AI SELECT ACTION: r
*********************
BEFORE: 
[[ 2  4  2  4]
 [ 8 16 32  8]
 [ 4  4 64 32]
 [ 2 16  4  2]]

*********************
AFTER: 
[[ 2  4  2  4]
 [ 8 16 32  8]
 [ 2  8 64 32]
 [ 2 16  4  2]]

TIME TAKEN FOR STEP: 0.0271869737035

*********************

BRANCHES: 4
AI SELECT ACTION: d
*********************
BEFORE: 
[[ 2  4  2  4]
 [ 8 16 32  8]
 [ 2  8 64 32]
 [ 2 16  4  2]]

*********************
AFTER: 
[[ 2  4  2  4]
 [ 2 16 32  8]
 [ 8  8 64 32]
 [ 4 16  4  2]]

TIME TAKEN FOR STEP: 0.044286437249

*********************

BRANCHES: 8
AI SELECT ACTION: r
*********************
BEFORE: 
[[ 2  4  2  4]
 [ 2 16 32  8]
 [ 8  8 64 32]
 [ 4 16  4  2]]

*********************
AFTER: 
[[ 2  4  2  4]
 [ 2 16 32  8]
 [ 2 16 64 32]
 [ 4 16  4  2]]

TIME TAKEN FOR STEP: 0.0793418585054

*********************

BRANCHES: 8
AI SELECT ACTION: d
*********************
BEFORE: 
[[ 2  4  2  4]
 [ 2 16 32  8]
 [ 2 16 64 32]
 [ 4 16  4  2]]

*********************
AFTER: 
[[ 0  2  2  4]
 [ 2  4 32  8]
 [ 4 16 64 32]
 [ 4 32  4  2]]

TIME TAKEN FOR STEP: 0.131697039683

*********************

BRANCHES: 18
AI SELECT ACTION: r
*********************
BEFORE: 
[[ 0  2  2  4]
 [ 2  4 32  8]
 [ 4 16 64 32]
 [ 4 32  4  2]]

*********************
AFTER: 
[[ 0  4  4  4]
 [ 2  4 32  8]
 [ 4 16 64 32]
 [ 4 32  4  2]]

TIME TAKEN FOR STEP: 0.283138482228

*********************

BRANCHES: 20
AI SELECT ACTION: d
*********************
BEFORE: 
[[ 0  4  4  4]
 [ 2  4 32  8]
 [ 4 16 64 32]
 [ 4 32  4  2]]

*********************
AFTER: 
[[ 0  2  4  4]
 [ 0  8 32  8]
 [ 2 16 64 32]
 [ 8 32  4  2]]

TIME TAKEN FOR STEP: 0.283032210581

*********************

BRANCHES: 16
AI SELECT ACTION: u
*********************
BEFORE: 
[[ 0  2  4  4]
 [ 0  8 32  8]
 [ 2 16 64 32]
 [ 8 32  4  2]]

*********************
AFTER: 
[[ 2  2  4  4]
 [ 8  8 32  8]
 [ 2 16 64 32]
 [ 0 32  4  2]]

TIME TAKEN FOR STEP: 0.147575762005

*********************

BRANCHES: 18
AI SELECT ACTION: l
*********************
BEFORE: 
[[ 2  2  4  4]
 [ 8  8 32  8]
 [ 2 16 64 32]
 [ 0 32  4  2]]

*********************
AFTER: 
[[ 8  4  0  2]
 [16 32  8  0]
 [ 2 16 64 32]
 [32  4  2  0]]

TIME TAKEN FOR STEP: 0.333067588372

*********************

BRANCHES: 24
AI SELECT ACTION: d
*********************
BEFORE: 
[[ 8  4  0  2]
 [16 32  8  0]
 [ 2 16 64 32]
 [32  4  2  0]]

*********************
AFTER: 
[[ 8  4  2  0]
 [16 32  8  0]
 [ 2 16 64  2]
 [32  4  2 32]]

TIME TAKEN FOR STEP: 0.30473612039

*********************

BRANCHES: 8
AI SELECT ACTION: r
*********************
BEFORE: 
[[ 8  4  2  0]
 [16 32  8  0]
 [ 2 16 64  2]
 [32  4  2 32]]

*********************
AFTER: 
[[ 2  8  4  2]
 [ 0 16 32  8]
 [ 2 16 64  2]
 [32  4  2 32]]

TIME TAKEN FOR STEP: 0.0955852229472

*********************

BRANCHES: 14
AI SELECT ACTION: d
*********************
BEFORE: 
[[ 2  8  4  2]
 [ 0 16 32  8]
 [ 2 16 64  2]
 [32  4  2 32]]

*********************
AFTER: 
[[ 2  0  4  2]
 [ 0  8 32  8]
 [ 4 32 64  2]
 [32  4  2 32]]

TIME TAKEN FOR STEP: 0.127664643028

*********************

BRANCHES: 16
AI SELECT ACTION: l
*********************
BEFORE: 
[[ 2  0  4  2]
 [ 0  8 32  8]
 [ 4 32 64  2]
 [32  4  2 32]]

*********************
AFTER: 
[[ 2  4  2  0]
 [ 8 32  8  2]
 [ 4 32 64  2]
 [32  4  2 32]]

TIME TAKEN FOR STEP: 0.264552005749

*********************

BRANCHES: 14
AI SELECT ACTION: d
*********************
BEFORE: 
[[ 2  4  2  0]
 [ 8 32  8  2]
 [ 4 32 64  2]
 [32  4  2 32]]

*********************
AFTER: 
[[ 2  0  2  0]
 [ 8  4  8  2]
 [ 4 64 64  4]
 [32  4  2 32]]

TIME TAKEN FOR STEP: 0.223411841348

*********************

BRANCHES: 20
AI SELECT ACTION: l
*********************
BEFORE: 
[[ 2  0  2  0]
 [ 8  4  8  2]
 [ 4 64 64  4]
 [32  4  2 32]]

*********************
AFTER: 
[[  4   0   0   2]
 [  8   4   8   2]
 [  4 128   4   0]
 [ 32   4   2  32]]

TIME TAKEN FOR STEP: 0.338223145965

*********************

BRANCHES: 28
AI SELECT ACTION: d
*********************
BEFORE: 
[[  4   0   0   2]
 [  8   4   8   2]
 [  4 128   4   0]
 [ 32   4   2  32]]

*********************
AFTER: 
[[  4   0   0   2]
 [  8   4   8   0]
 [  4 128   4   4]
 [ 32   4   2  32]]

TIME TAKEN FOR STEP: 0.397572502745

*********************

BRANCHES: 28
AI SELECT ACTION: l
*********************
BEFORE: 
[[  4   0   0   2]
 [  8   4   8   0]
 [  4 128   4   4]
 [ 32   4   2  32]]

*********************
AFTER: 
[[  4   2   2   0]
 [  8   4   8   0]
 [  4 128   8   0]
 [ 32   4   2  32]]

TIME TAKEN FOR STEP: 0.340150257837

*********************

BRANCHES: 34
AI SELECT ACTION: d
*********************
BEFORE: 
[[  4   2   2   0]
 [  8   4   8   0]
 [  4 128   8   0]
 [ 32   4   2  32]]

*********************
AFTER: 
[[  4   2   0   0]
 [  8   4   2   2]
 [  4 128  16   0]
 [ 32   4   2  32]]

TIME TAKEN FOR STEP: 0.429647577145

*********************

BRANCHES: 32
AI SELECT ACTION: u
*********************
BEFORE: 
[[  4   2   0   0]
 [  8   4   2   2]
 [  4 128  16   0]
 [ 32   4   2  32]]

*********************
AFTER: 
[[  4   2   2   2]
 [  8   4  16  32]
 [  4 128   2   0]
 [ 32   4   0   4]]

TIME TAKEN FOR STEP: 0.452270005835

*********************

BRANCHES: 24
AI SELECT ACTION: r
*********************
BEFORE: 
[[  4   2   2   2]
 [  8   4  16  32]
 [  4 128   2   0]
 [ 32   4   0   4]]

*********************
AFTER: 
[[  0   4   2   4]
 [  8   4  16  32]
 [  0   4 128   2]
 [  2   0  32   8]]

TIME TAKEN FOR STEP: 0.343137715807

*********************

BRANCHES: 28
AI SELECT ACTION: d
*********************
BEFORE: 
[[  0   4   2   4]
 [  8   4  16  32]
 [  0   4 128   2]
 [  2   0  32   8]]

*********************
AFTER: 
[[  0   0   2   4]
 [  0   2  16  32]
 [  8   4 128   2]
 [  2   8  32   8]]

TIME TAKEN FOR STEP: 0.340848332187

*********************

BRANCHES: 12
AI SELECT ACTION: l
*********************
BEFORE: 
[[  0   0   2   4]
 [  0   2  16  32]
 [  8   4 128   2]
 [  2   8  32   8]]

*********************
AFTER: 
[[  2   4   0   2]
 [  2  16  32   0]
 [  8   4 128   2]
 [  2   8  32   8]]

TIME TAKEN FOR STEP: 0.120842319345

*********************

BRANCHES: 24
AI SELECT ACTION: r
*********************
BEFORE: 
[[  2   4   0   2]
 [  2  16  32   0]
 [  8   4 128   2]
 [  2   8  32   8]]

*********************
AFTER: 
[[  0   2   4   2]
 [  2   2  16  32]
 [  8   4 128   2]
 [  2   8  32   8]]

TIME TAKEN FOR STEP: 0.281844654556

*********************

BRANCHES: 20
AI SELECT ACTION: d
*********************
BEFORE: 
[[  0   2   4   2]
 [  2   2  16  32]
 [  8   4 128   2]
 [  2   8  32   8]]

*********************
AFTER: 
[[  2   0   4   2]
 [  2   4  16  32]
 [  8   4 128   2]
 [  2   8  32   8]]

TIME TAKEN FOR STEP: 0.173100710361

*********************

BRANCHES: 18
AI SELECT ACTION: l
*********************
BEFORE: 
[[  2   0   4   2]
 [  2   4  16  32]
 [  8   4 128   2]
 [  2   8  32   8]]

*********************
AFTER: 
[[  2   4   2   2]
 [  2   4  16  32]
 [  8   4 128   2]
 [  2   8  32   8]]

TIME TAKEN FOR STEP: 0.1519352699

*********************

BRANCHES: 14
AI SELECT ACTION: l
*********************
BEFORE: 
[[  2   4   2   2]
 [  2   4  16  32]
 [  8   4 128   2]
 [  2   8  32   8]]

*********************
AFTER: 
[[  2   4   4   4]
 [  2   4  16  32]
 [  8   4 128   2]
 [  2   8  32   8]]

TIME TAKEN FOR STEP: 0.131150274035

*********************

BRANCHES: 12
AI SELECT ACTION: u
*********************
BEFORE: 
[[  2   4   4   4]
 [  2   4  16  32]
 [  8   4 128   2]
 [  2   8  32   8]]

*********************
AFTER: 
[[  4   8   4   4]
 [  8   4  16  32]
 [  2   8 128   2]
 [  0   2  32   8]]

TIME TAKEN FOR STEP: 0.136435806987

*********************

BRANCHES: 12
AI SELECT ACTION: l
*********************
BEFORE: 
[[  4   8   4   4]
 [  8   4  16  32]
 [  2   8 128   2]
 [  0   2  32   8]]

*********************
AFTER: 
[[  4   8   8   0]
 [  8   4  16  32]
 [  2   8 128   2]
 [  2  32   8   2]]

TIME TAKEN FOR STEP: 0.142689636618

*********************

BRANCHES: 20
AI SELECT ACTION: u
*********************
BEFORE: 
[[  4   8   8   0]
 [  8   4  16  32]
 [  2   8 128   2]
 [  2  32   8   2]]

*********************
AFTER: 
[[  4   8   8  32]
 [  8   4  16   4]
 [  4   8 128   2]
 [  0  32   8   0]]

TIME TAKEN FOR STEP: 0.2307433998

*********************

BRANCHES: 16
AI SELECT ACTION: r
*********************
BEFORE: 
[[  4   8   8  32]
 [  8   4  16   4]
 [  4   8 128   2]
 [  0  32   8   0]]

*********************
AFTER: 
[[  2   4  16  32]
 [  8   4  16   4]
 [  4   8 128   2]
 [  0   0  32   8]]

TIME TAKEN FOR STEP: 0.18080283686

*********************

BRANCHES: 22
AI SELECT ACTION: d
*********************
BEFORE: 
[[  2   4  16  32]
 [  8   4  16   4]
 [  4   8 128   2]
 [  0   0  32   8]]

*********************
AFTER: 
[[  0   2   0  32]
 [  2   0  32   4]
 [  8   8 128   2]
 [  4   8  32   8]]

TIME TAKEN FOR STEP: 0.252658272655

*********************

BRANCHES: 32
AI SELECT ACTION: r
*********************
BEFORE: 
[[  0   2   0  32]
 [  2   0  32   4]
 [  8   8 128   2]
 [  4   8  32   8]]

*********************
AFTER: 
[[  0   0   2  32]
 [  2   2  32   4]
 [  0  16 128   2]
 [  4   8  32   8]]

TIME TAKEN FOR STEP: 0.462701219833

*********************

BRANCHES: 28
AI SELECT ACTION: d
*********************
BEFORE: 
[[  0   0   2  32]
 [  2   2  32   4]
 [  0  16 128   2]
 [  4   8  32   8]]

*********************
AFTER: 
[[  2   0   2  32]
 [  0   2  32   4]
 [  2  16 128   2]
 [  4   8  32   8]]

TIME TAKEN FOR STEP: 0.366170218734

*********************

BRANCHES: 26
AI SELECT ACTION: u
*********************
BEFORE: 
[[  2   0   2  32]
 [  0   2  32   4]
 [  2  16 128   2]
 [  4   8  32   8]]

*********************
AFTER: 
[[  8   2   2  32]
 [  0  16  32   4]
 [  0   8 128   2]
 [  2   0  32   8]]

TIME TAKEN FOR STEP: 0.307678936367

*********************

BRANCHES: 28
AI SELECT ACTION: l
*********************
BEFORE: 
[[  8   2   2  32]
 [  0  16  32   4]
 [  0   8 128   2]
 [  2   0  32   8]]

*********************
AFTER: 
[[  8   4  32   2]
 [ 16  32   4   0]
 [  8 128   2   0]
 [  2  32   8   0]]

TIME TAKEN FOR STEP: 0.314475976089

*********************

BRANCHES: 12
AI SELECT ACTION: d
*********************
BEFORE: 
[[  8   4  32   2]
 [ 16  32   4   0]
 [  8 128   2   0]
 [  2  32   8   0]]

*********************
AFTER: 
[[  8   4  32   0]
 [ 16  32   4   0]
 [  8 128   2   4]
 [  2  32   8   2]]

TIME TAKEN FOR STEP: 0.131984249673

*********************

BRANCHES: 8
AI SELECT ACTION: r
*********************
BEFORE: 
[[  8   4  32   0]
 [ 16  32   4   0]
 [  8 128   2   4]
 [  2  32   8   2]]

*********************
AFTER: 
[[  0   8   4  32]
 [  2  16  32   4]
 [  8 128   2   4]
 [  2  32   8   2]]

TIME TAKEN FOR STEP: 0.0398103860979

*********************

BRANCHES: 10
AI SELECT ACTION: l
*********************
BEFORE: 
[[  0   8   4  32]
 [  2  16  32   4]
 [  8 128   2   4]
 [  2  32   8   2]]

*********************
AFTER: 
[[  8   4  32   2]
 [  2  16  32   4]
 [  8 128   2   4]
 [  2  32   8   2]]

TIME TAKEN FOR STEP: 0.048916167473

*********************

BRANCHES: 8
AI SELECT ACTION: d
*********************
BEFORE: 
[[  8   4  32   2]
 [  2  16  32   4]
 [  8 128   2   4]
 [  2  32   8   2]]

*********************
AFTER: 
[[  8   4   2   0]
 [  2  16  64   2]
 [  8 128   2   8]
 [  2  32   8   2]]

TIME TAKEN FOR STEP: 0.0311597160137

*********************

BRANCHES: 4
AI SELECT ACTION: r
*********************
BEFORE: 
[[  8   4   2   0]
 [  2  16  64   2]
 [  8 128   2   8]
 [  2  32   8   2]]

*********************
AFTER: 
[[  2   8   4   2]
 [  2  16  64   2]
 [  8 128   2   8]
 [  2  32   8   2]]

TIME TAKEN FOR STEP: 0.025444750793

*********************

BRANCHES: 8
AI SELECT ACTION: u
*********************
BEFORE: 
[[  2   8   4   2]
 [  2  16  64   2]
 [  8 128   2   8]
 [  2  32   8   2]]

*********************
AFTER: 
[[  4   8   4   4]
 [  8  16  64   8]
 [  2 128   2   2]
 [  2  32   8   0]]

TIME TAKEN FOR STEP: 0.0952553462737

*********************

BRANCHES: 22
AI SELECT ACTION: l
*********************
BEFORE: 
[[  4   8   4   4]
 [  8  16  64   8]
 [  2 128   2   2]
 [  2  32   8   0]]

*********************
AFTER: 
[[  4   8   8   0]
 [  8  16  64   8]
 [  2 128   4   2]
 [  2  32   8   0]]

TIME TAKEN FOR STEP: 0.191384964498

*********************

BRANCHES: 24
AI SELECT ACTION: r
*********************
BEFORE: 
[[  4   8   8   0]
 [  8  16  64   8]
 [  2 128   4   2]
 [  2  32   8   0]]

*********************
AFTER: 
[[  0   2   4  16]
 [  8  16  64   8]
 [  2 128   4   2]
 [  0   2  32   8]]

TIME TAKEN FOR STEP: 0.204613216637

*********************

BRANCHES: 12
AI SELECT ACTION: u
*********************
BEFORE: 
[[  0   2   4  16]
 [  8  16  64   8]
 [  2 128   4   2]
 [  0   2  32   8]]

*********************
AFTER: 
[[  8   2   4  16]
 [  2  16  64   8]
 [  4 128   4   2]
 [  0   2  32   8]]

TIME TAKEN FOR STEP: 0.032793296906

*********************

BRANCHES: 4
AI SELECT ACTION: l
*********************
BEFORE: 
[[  8   2   4  16]
 [  2  16  64   8]
 [  4 128   4   2]
 [  0   2  32   8]]

*********************
AFTER: 
[[  8   2   4  16]
 [  2  16  64   8]
 [  4 128   4   2]
 [  2  32   8   2]]

TIME TAKEN FOR STEP: 0.0119498318814

*********************

BRANCHES: 4
AI SELECT ACTION: u
*********************
BEFORE: 
[[  8   2   4  16]
 [  2  16  64   8]
 [  4 128   4   2]
 [  2  32   8   2]]

*********************
AFTER: 
[[  8   2   4  16]
 [  2  16  64   8]
 [  4 128   4   4]
 [  2  32   8   2]]

TIME TAKEN FOR STEP: 0.00679861996983

*********************

BRANCHES: 4
AI SELECT ACTION: r
*********************
BEFORE: 
[[  8   2   4  16]
 [  2  16  64   8]
 [  4 128   4   4]
 [  2  32   8   2]]

*********************
AFTER: 
[[  8   2   4  16]
 [  2  16  64   8]
 [  4   4 128   8]
 [  2  32   8   2]]

TIME TAKEN FOR STEP: 0.0149104256436

*********************

BRANCHES: 10
AI SELECT ACTION: u
*********************
BEFORE: 
[[  8   2   4  16]
 [  2  16  64   8]
 [  4   4 128   8]
 [  2  32   8   2]]

*********************
AFTER: 
[[  8   2   4  16]
 [  2  16  64  16]
 [  4   4 128   2]
 [  2  32   8   2]]

TIME TAKEN FOR STEP: 0.0699164720658

*********************

BRANCHES: 12
AI SELECT ACTION: l
*********************
BEFORE: 
[[  8   2   4  16]
 [  2  16  64  16]
 [  4   4 128   2]
 [  2  32   8   2]]

*********************
AFTER: 
[[  8   2   4  16]
 [  2  16  64  16]
 [  8 128   2   2]
 [  2  32   8   2]]

TIME TAKEN FOR STEP: 0.0788618583158

*********************

BRANCHES: 12
AI SELECT ACTION: l
*********************
BEFORE: 
[[  8   2   4  16]
 [  2  16  64  16]
 [  8 128   2   2]
 [  2  32   8   2]]

*********************
AFTER: 
[[  8   2   4  16]
 [  2  16  64  16]
 [  8 128   4   2]
 [  2  32   8   2]]

TIME TAKEN FOR STEP: 0.0948717411839

*********************

BRANCHES: 8
AI SELECT ACTION: d
*********************
BEFORE: 
[[  8   2   4  16]
 [  2  16  64  16]
 [  8 128   4   2]
 [  2  32   8   2]]

*********************
AFTER: 
[[  8   2   4   0]
 [  2  16  64   2]
 [  8 128   4  32]
 [  2  32   8   4]]

TIME TAKEN FOR STEP: 0.0141447957115

*********************

BRANCHES: 4
AI SELECT ACTION: u
*********************
BEFORE: 
[[  8   2   4   0]
 [  2  16  64   2]
 [  8 128   4  32]
 [  2  32   8   4]]

*********************
AFTER: 
[[  8   2   4   2]
 [  2  16  64  32]
 [  8 128   4   4]
 [  2  32   8   2]]

TIME TAKEN FOR STEP: 0.00522192798891

*********************

BRANCHES: 4
AI SELECT ACTION: l
*********************
BEFORE: 
[[  8   2   4   2]
 [  2  16  64  32]
 [  8 128   4   4]
 [  2  32   8   2]]

*********************
AFTER: 
[[  8   2   4   2]
 [  2  16  64  32]
 [  8 128   8   2]
 [  2  32   8   2]]

TIME TAKEN FOR STEP: 0.00670182980815

*********************

BRANCHES: 8
AI SELECT ACTION: d
*********************
BEFORE: 
[[  8   2   4   2]
 [  2  16  64  32]
 [  8 128   8   2]
 [  2  32   8   2]]

*********************
AFTER: 
[[  8   2   0   2]
 [  2  16   4   2]
 [  8 128  64  32]
 [  2  32  16   4]]

TIME TAKEN FOR STEP: 0.0196634151757

*********************

BRANCHES: 16
AI SELECT ACTION: d
*********************
BEFORE: 
[[  8   2   0   2]
 [  2  16   4   2]
 [  8 128  64  32]
 [  2  32  16   4]]

*********************
AFTER: 
[[  8   2   0   2]
 [  2  16   4   4]
 [  8 128  64  32]
 [  2  32  16   4]]

TIME TAKEN FOR STEP: 0.0748985974908

*********************

BRANCHES: 14
AI SELECT ACTION: l
*********************
BEFORE: 
[[  8   2   0   2]
 [  2  16   4   4]
 [  8 128  64  32]
 [  2  32  16   4]]

*********************
AFTER: 
[[  8   4   0   0]
 [  2  16   8   2]
 [  8 128  64  32]
 [  2  32  16   4]]

TIME TAKEN FOR STEP: 0.0682726195645

*********************

BRANCHES: 8
AI SELECT ACTION: u
*********************
BEFORE: 
[[  8   4   0   0]
 [  2  16   8   2]
 [  8 128  64  32]
 [  2  32  16   4]]

*********************
AFTER: 
[[  8   4   8   2]
 [  2  16  64  32]
 [  8 128  16   4]
 [  2  32   2   0]]

TIME TAKEN FOR STEP: 0.0373546814241

*********************

BRANCHES: 4
AI SELECT ACTION: r
*********************
BEFORE: 
[[  8   4   8   2]
 [  2  16  64  32]
 [  8 128  16   4]
 [  2  32   2   0]]

*********************
AFTER: 
[[  8   4   8   2]
 [  2  16  64  32]
 [  8 128  16   4]
 [  2   2  32   2]]

TIME TAKEN FOR STEP: 0.0111174364908

*********************

BRANCHES: 4
AI SELECT ACTION: r
*********************
BEFORE: 
[[  8   4   8   2]
 [  2  16  64  32]
 [  8 128  16   4]
 [  2   2  32   2]]

*********************
AFTER: 
[[  8   4   8   2]
 [  2  16  64  32]
 [  8 128  16   4]
 [  2   4  32   2]]

TIME TAKEN FOR STEP: 0.0107006462027

FINISHED: 
[[  8   4   8   2]
 [  2  16  64  32]
 [  8 128  16   4]
 [  2   4  32   2]]

IS WIN?: 
False

IS LOSE?: 
True

