STARTIG BOARD: 
[[0 0 0 0]
 [2 0 0 2]
 [0 0 0 0]
 [0 0 0 0]]

*********************

BRANCHES: 116
AI SELECT ACTION: l
*********************
BEFORE: 
[[0 0 0 0]
 [2 0 0 2]
 [0 0 0 0]
 [0 0 0 0]]

*********************
AFTER: 
[[0 2 0 0]
 [4 0 0 0]
 [0 0 0 0]
 [0 0 0 0]]

TIME TAKEN FOR STEP: 7.07610077081

*********************

BRANCHES: 112
AI SELECT ACTION: d
*********************
BEFORE: 
[[0 2 0 0]
 [4 0 0 0]
 [0 0 0 0]
 [0 0 0 0]]

*********************
AFTER: 
[[0 0 2 0]
 [0 0 0 0]
 [0 0 0 0]
 [4 2 0 0]]

TIME TAKEN FOR STEP: 6.98496947554

*********************

BRANCHES: 104
AI SELECT ACTION: r
*********************
BEFORE: 
[[0 0 2 0]
 [0 0 0 0]
 [0 0 0 0]
 [4 2 0 0]]

*********************
AFTER: 
[[0 0 0 2]
 [0 0 0 0]
 [0 0 0 0]
 [0 2 4 2]]

TIME TAKEN FOR STEP: 6.13698889363

*********************

BRANCHES: 76
AI SELECT ACTION: d
*********************
BEFORE: 
[[0 0 0 2]
 [0 0 0 0]
 [0 0 0 0]
 [0 2 4 2]]

*********************
AFTER: 
[[0 2 0 0]
 [0 0 0 0]
 [0 0 0 0]
 [0 2 4 4]]

TIME TAKEN FOR STEP: 5.77848169026

*********************

BRANCHES: 104
AI SELECT ACTION: l
*********************
BEFORE: 
[[0 2 0 0]
 [0 0 0 0]
 [0 0 0 0]
 [0 2 4 4]]

*********************
AFTER: 
[[2 0 2 0]
 [0 0 0 0]
 [0 0 0 0]
 [2 8 0 0]]

TIME TAKEN FOR STEP: 7.55936180123

*********************

BRANCHES: 104
AI SELECT ACTION: u
*********************
BEFORE: 
[[2 0 2 0]
 [0 0 0 0]
 [0 0 0 0]
 [2 8 0 0]]

*********************
AFTER: 
[[4 8 2 0]
 [4 0 0 0]
 [0 0 0 0]
 [0 0 0 0]]

TIME TAKEN FOR STEP: 6.29529137592

*********************

BRANCHES: 76
AI SELECT ACTION: u
*********************
BEFORE: 
[[4 8 2 0]
 [4 0 0 0]
 [0 0 0 0]
 [0 0 0 0]]

*********************
AFTER: 
[[8 8 2 0]
 [0 0 0 0]
 [0 0 0 0]
 [0 0 2 0]]

TIME TAKEN FOR STEP: 4.5989817675

*********************

BRANCHES: 104
AI SELECT ACTION: u
*********************
BEFORE: 
[[8 8 2 0]
 [0 0 0 0]
 [0 0 0 0]
 [0 0 2 0]]

*********************
AFTER: 
[[8 8 4 4]
 [0 0 0 0]
 [0 0 0 0]
 [0 0 0 0]]

TIME TAKEN FOR STEP: 7.96764996253

*********************

BRANCHES: 80
AI SELECT ACTION: r
*********************
BEFORE: 
[[8 8 4 4]
 [0 0 0 0]
 [0 0 0 0]
 [0 0 0 0]]

*********************
AFTER: 
[[ 0  0  8 16]
 [ 2  0  0  0]
 [ 0  0  0  0]
 [ 0  0  0  0]]

TIME TAKEN FOR STEP: 4.8604538708

*********************

BRANCHES: 104
AI SELECT ACTION: u
*********************
BEFORE: 
[[ 0  0  8 16]
 [ 2  0  0  0]
 [ 0  0  0  0]
 [ 0  0  0  0]]

*********************
AFTER: 
[[ 2  0  8 16]
 [ 0  0  0  0]
 [ 0  0  0  0]
 [ 0  0  0  2]]

TIME TAKEN FOR STEP: 4.43771316058

*********************

BRANCHES: 96
AI SELECT ACTION: l
*********************
BEFORE: 
[[ 2  0  8 16]
 [ 0  0  0  0]
 [ 0  0  0  0]
 [ 0  0  0  2]]

*********************
AFTER: 
[[ 2  8 16  0]
 [ 2  0  0  0]
 [ 0  0  0  0]
 [ 2  0  0  0]]

TIME TAKEN FOR STEP: 4.01818706891

*********************

BRANCHES: 70
AI SELECT ACTION: r
*********************
BEFORE: 
[[ 2  8 16  0]
 [ 2  0  0  0]
 [ 0  0  0  0]
 [ 2  0  0  0]]

*********************
AFTER: 
[[ 0  2  8 16]
 [ 0  4  0  2]
 [ 0  0  0  0]
 [ 0  0  0  2]]

TIME TAKEN FOR STEP: 2.61159332804

*********************

BRANCHES: 84
AI SELECT ACTION: u
*********************
BEFORE: 
[[ 0  2  8 16]
 [ 0  4  0  2]
 [ 0  0  0  0]
 [ 0  0  0  2]]

*********************
AFTER: 
[[ 2  2  8 16]
 [ 0  4  0  4]
 [ 0  0  0  0]
 [ 0  0  0  0]]

TIME TAKEN FOR STEP: 3.20876215655

*********************

BRANCHES: 68
AI SELECT ACTION: r
*********************
BEFORE: 
[[ 2  2  8 16]
 [ 0  4  0  4]
 [ 0  0  0  0]
 [ 0  0  0  0]]

*********************
AFTER: 
[[ 0  4  8 16]
 [ 0  0  0  8]
 [ 0  0  0  0]
 [ 0  2  0  0]]

TIME TAKEN FOR STEP: 2.86929970145

*********************

BRANCHES: 88
AI SELECT ACTION: r
*********************
BEFORE: 
[[ 0  4  8 16]
 [ 0  0  0  8]
 [ 0  0  0  0]
 [ 0  2  0  0]]

*********************
AFTER: 
[[ 0  4  8 16]
 [ 0  0  2  8]
 [ 0  0  0  0]
 [ 0  0  0  2]]

TIME TAKEN FOR STEP: 3.59025208504

*********************

BRANCHES: 60
AI SELECT ACTION: l
*********************
BEFORE: 
[[ 0  4  8 16]
 [ 0  0  2  8]
 [ 0  0  0  0]
 [ 0  0  0  2]]

*********************
AFTER: 
[[ 4  8 16  0]
 [ 2  8  0  0]
 [ 0  2  0  0]
 [ 2  0  0  0]]

TIME TAKEN FOR STEP: 2.19621894172

*********************

BRANCHES: 82
AI SELECT ACTION: l
*********************
BEFORE: 
[[ 4  8 16  0]
 [ 2  8  0  0]
 [ 0  2  0  0]
 [ 2  0  0  0]]

*********************
AFTER: 
[[ 4  8 16  0]
 [ 2  8  0  0]
 [ 2  0  2  0]
 [ 2  0  0  0]]

TIME TAKEN FOR STEP: 2.93482545573

*********************

BRANCHES: 76
AI SELECT ACTION: l
*********************
BEFORE: 
[[ 4  8 16  0]
 [ 2  8  0  0]
 [ 2  0  2  0]
 [ 2  0  0  0]]

*********************
AFTER: 
[[ 4  8 16  0]
 [ 2  8  0  0]
 [ 4  0  0  0]
 [ 2  2  0  0]]

TIME TAKEN FOR STEP: 3.20740314367

*********************

BRANCHES: 72
AI SELECT ACTION: d
*********************
BEFORE: 
[[ 4  8 16  0]
 [ 2  8  0  0]
 [ 4  0  0  0]
 [ 2  2  0  0]]

*********************
AFTER: 
[[ 4  0  2  0]
 [ 2  0  0  0]
 [ 4 16  0  0]
 [ 2  2 16  0]]

TIME TAKEN FOR STEP: 2.94861351056

*********************

BRANCHES: 68
AI SELECT ACTION: u
*********************
BEFORE: 
[[ 4  0  2  0]
 [ 2  0  0  0]
 [ 4 16  0  0]
 [ 2  2 16  0]]

*********************
AFTER: 
[[ 4 16  2  0]
 [ 2  2 16  0]
 [ 4  0  0  0]
 [ 2  0  2  0]]

TIME TAKEN FOR STEP: 2.87073812177

*********************

BRANCHES: 64
AI SELECT ACTION: u
*********************
BEFORE: 
[[ 4 16  2  0]
 [ 2  2 16  0]
 [ 4  0  0  0]
 [ 2  0  2  0]]

*********************
AFTER: 
[[ 4 16  2  0]
 [ 2  2 16  2]
 [ 4  0  2  0]
 [ 2  0  0  0]]

TIME TAKEN FOR STEP: 3.66642120155

*********************

BRANCHES: 52
AI SELECT ACTION: l
*********************
BEFORE: 
[[ 4 16  2  0]
 [ 2  2 16  2]
 [ 4  0  2  0]
 [ 2  0  0  0]]

*********************
AFTER: 
[[ 4 16  2  0]
 [ 4 16  2  0]
 [ 4  2  2  0]
 [ 2  0  0  0]]

TIME TAKEN FOR STEP: 2.61159490828

*********************

BRANCHES: 66
AI SELECT ACTION: u
*********************
BEFORE: 
[[ 4 16  2  0]
 [ 4 16  2  0]
 [ 4  2  2  0]
 [ 2  0  0  0]]

*********************
AFTER: 
[[ 8 32  4  0]
 [ 4  2  2  0]
 [ 2  0  0  0]
 [ 0  0  2  0]]

TIME TAKEN FOR STEP: 2.94460837318

*********************

BRANCHES: 76
AI SELECT ACTION: r
*********************
BEFORE: 
[[ 8 32  4  0]
 [ 4  2  2  0]
 [ 2  0  0  0]
 [ 0  0  2  0]]

*********************
AFTER: 
[[ 0  8 32  4]
 [ 0  0  0  8]
 [ 0  2  0  2]
 [ 0  0  0  2]]

TIME TAKEN FOR STEP: 3.8116416046

*********************

BRANCHES: 80
AI SELECT ACTION: r
*********************
BEFORE: 
[[ 0  8 32  4]
 [ 0  0  0  8]
 [ 0  2  0  2]
 [ 0  0  0  2]]

*********************
AFTER: 
[[ 0  8 32  4]
 [ 0  0  0  8]
 [ 0  2  0  4]
 [ 0  0  0  2]]

TIME TAKEN FOR STEP: 3.58408042828

*********************

BRANCHES: 72
AI SELECT ACTION: d
*********************
BEFORE: 
[[ 0  8 32  4]
 [ 0  0  0  8]
 [ 0  2  0  4]
 [ 0  0  0  2]]

*********************
AFTER: 
[[ 0  0  0  4]
 [ 0  0  0  8]
 [ 4  8  0  4]
 [ 0  2 32  2]]

TIME TAKEN FOR STEP: 3.09280240703

*********************

BRANCHES: 64
AI SELECT ACTION: l
*********************
BEFORE: 
[[ 0  0  0  4]
 [ 0  0  0  8]
 [ 4  8  0  4]
 [ 0  2 32  2]]

*********************
AFTER: 
[[ 4  2  0  0]
 [ 8  0  0  0]
 [ 4  8  4  0]
 [ 2 32  2  0]]

TIME TAKEN FOR STEP: 2.93200115832

*********************

BRANCHES: 42
AI SELECT ACTION: r
*********************
BEFORE: 
[[ 4  2  0  0]
 [ 8  0  0  0]
 [ 4  8  4  0]
 [ 2 32  2  0]]

*********************
AFTER: 
[[ 2  0  4  2]
 [ 0  0  0  8]
 [ 0  4  8  4]
 [ 0  2 32  2]]

TIME TAKEN FOR STEP: 1.86559007036

*********************

BRANCHES: 48
AI SELECT ACTION: u
*********************
BEFORE: 
[[ 2  0  4  2]
 [ 0  0  0  8]
 [ 0  4  8  4]
 [ 0  2 32  2]]

*********************
AFTER: 
[[ 2  4  4  2]
 [ 0  2  8  8]
 [ 0  0 32  4]
 [ 0  4  0  2]]

TIME TAKEN FOR STEP: 2.06435834641

*********************

BRANCHES: 48
AI SELECT ACTION: l
*********************
BEFORE: 
[[ 2  4  4  2]
 [ 0  2  8  8]
 [ 0  0 32  4]
 [ 0  4  0  2]]

*********************
AFTER: 
[[ 2  8  2  0]
 [ 2 16  0  0]
 [32  4  2  0]
 [ 4  2  0  0]]

TIME TAKEN FOR STEP: 1.97273243367

*********************

BRANCHES: 44
AI SELECT ACTION: u
*********************
BEFORE: 
[[ 2  8  2  0]
 [ 2 16  0  0]
 [32  4  2  0]
 [ 4  2  0  0]]

*********************
AFTER: 
[[ 4  8  4  0]
 [32 16  0  0]
 [ 4  4  0  0]
 [ 0  2  2  0]]

TIME TAKEN FOR STEP: 2.10613890613

*********************

BRANCHES: 64
AI SELECT ACTION: l
*********************
BEFORE: 
[[ 4  8  4  0]
 [32 16  0  0]
 [ 4  4  0  0]
 [ 0  2  2  0]]

*********************
AFTER: 
[[ 4  8  4  0]
 [32 16  2  0]
 [ 8  0  0  0]
 [ 4  0  0  0]]

TIME TAKEN FOR STEP: 2.74161886089

*********************

BRANCHES: 32
AI SELECT ACTION: d
*********************
BEFORE: 
[[ 4  8  4  0]
 [32 16  2  0]
 [ 8  0  0  0]
 [ 4  0  0  0]]

*********************
AFTER: 
[[ 4  0  0  4]
 [32  0  0  0]
 [ 8  8  4  0]
 [ 4 16  2  0]]

TIME TAKEN FOR STEP: 1.50210627244

*********************

BRANCHES: 64
AI SELECT ACTION: r
*********************
BEFORE: 
[[ 4  0  0  4]
 [32  0  0  0]
 [ 8  8  4  0]
 [ 4 16  2  0]]

*********************
AFTER: 
[[ 0  0  0  8]
 [ 4  0  0 32]
 [ 0  0 16  4]
 [ 0  4 16  2]]

TIME TAKEN FOR STEP: 2.93028896011

*********************

BRANCHES: 68
AI SELECT ACTION: d
*********************
BEFORE: 
[[ 0  0  0  8]
 [ 4  0  0 32]
 [ 0  0 16  4]
 [ 0  4 16  2]]

*********************
AFTER: 
[[ 0  0  0  8]
 [ 0  0  0 32]
 [ 2  0  0  4]
 [ 4  4 32  2]]

TIME TAKEN FOR STEP: 2.76583891984

*********************

BRANCHES: 52
AI SELECT ACTION: r
*********************
BEFORE: 
[[ 0  0  0  8]
 [ 0  0  0 32]
 [ 2  0  0  4]
 [ 4  4 32  2]]

*********************
AFTER: 
[[ 0  0  0  8]
 [ 0  0  0 32]
 [ 0  0  2  4]
 [ 2  8 32  2]]

TIME TAKEN FOR STEP: 1.95729223004

*********************

BRANCHES: 32
AI SELECT ACTION: u
*********************
BEFORE: 
[[ 0  0  0  8]
 [ 0  0  0 32]
 [ 0  0  2  4]
 [ 2  8 32  2]]

*********************
AFTER: 
[[ 2  8  2  8]
 [ 0  0 32 32]
 [ 0  0  0  4]
 [ 0  0  4  2]]

TIME TAKEN FOR STEP: 1.17968876235

*********************

BRANCHES: 60
AI SELECT ACTION: r
*********************
BEFORE: 
[[ 2  8  2  8]
 [ 0  0 32 32]
 [ 0  0  0  4]
 [ 0  0  4  2]]

*********************
AFTER: 
[[ 2  8  2  8]
 [ 0  0  0 64]
 [ 0  0  0  4]
 [ 0  2  4  2]]

TIME TAKEN FOR STEP: 2.46780423419

*********************

BRANCHES: 42
AI SELECT ACTION: d
*********************
BEFORE: 
[[ 2  8  2  8]
 [ 0  0  0 64]
 [ 0  0  0  4]
 [ 0  2  4  2]]

*********************
AFTER: 
[[ 2  0  0  8]
 [ 0  0  0 64]
 [ 0  8  2  4]
 [ 2  2  4  2]]

TIME TAKEN FOR STEP: 1.57484111599

*********************

BRANCHES: 58
AI SELECT ACTION: u
*********************
BEFORE: 
[[ 2  0  0  8]
 [ 0  0  0 64]
 [ 0  8  2  4]
 [ 2  2  4  2]]

*********************
AFTER: 
[[ 4  8  2  8]
 [ 0  2  4 64]
 [ 0  0  0  4]
 [ 0  0  2  2]]

TIME TAKEN FOR STEP: 2.38128884199

*********************

BRANCHES: 52
AI SELECT ACTION: r
*********************
BEFORE: 
[[ 4  8  2  8]
 [ 0  2  4 64]
 [ 0  0  0  4]
 [ 0  0  2  2]]

*********************
AFTER: 
[[ 4  8  2  8]
 [ 0  2  4 64]
 [ 0  0  2  4]
 [ 0  0  0  4]]

TIME TAKEN FOR STEP: 2.05542718239

*********************

BRANCHES: 40
AI SELECT ACTION: l
*********************
BEFORE: 
[[ 4  8  2  8]
 [ 0  2  4 64]
 [ 0  0  2  4]
 [ 0  0  0  4]]

*********************
AFTER: 
[[ 4  8  2  8]
 [ 2  4 64  0]
 [ 2  4  0  0]
 [ 4  2  0  0]]

TIME TAKEN FOR STEP: 1.74843920926

*********************

BRANCHES: 44
AI SELECT ACTION: d
*********************
BEFORE: 
[[ 4  8  2  8]
 [ 2  4 64  0]
 [ 2  4  0  0]
 [ 4  2  0  0]]

*********************
AFTER: 
[[ 0  0  0  0]
 [ 2  0  0  0]
 [ 8 16  2  0]
 [ 4  2 64  8]]

TIME TAKEN FOR STEP: 1.74906419716

*********************

BRANCHES: 32
AI SELECT ACTION: u
*********************
BEFORE: 
[[ 0  0  0  0]
 [ 2  0  0  0]
 [ 8 16  2  0]
 [ 4  2 64  8]]

*********************
AFTER: 
[[ 2 16  2  8]
 [ 8  2 64  0]
 [ 4  0  0  0]
 [ 0  0  0  2]]

TIME TAKEN FOR STEP: 1.21557776418

*********************

BRANCHES: 56
AI SELECT ACTION: r
*********************
BEFORE: 
[[ 2 16  2  8]
 [ 8  2 64  0]
 [ 4  0  0  0]
 [ 0  0  0  2]]

*********************
AFTER: 
[[ 2 16  2  8]
 [ 0  8  2 64]
 [ 0  0  0  4]
 [ 2  0  0  2]]

TIME TAKEN FOR STEP: 2.1676421403

*********************

BRANCHES: 60
AI SELECT ACTION: r
*********************
BEFORE: 
[[ 2 16  2  8]
 [ 0  8  2 64]
 [ 0  0  0  4]
 [ 2  0  0  2]]

*********************
AFTER: 
[[ 2 16  2  8]
 [ 0  8  2 64]
 [ 0  0  0  4]
 [ 0  0  2  4]]

TIME TAKEN FOR STEP: 2.48864098317

*********************

BRANCHES: 44
AI SELECT ACTION: d
*********************
BEFORE: 
[[ 2 16  2  8]
 [ 0  8  2 64]
 [ 0  0  0  4]
 [ 0  0  2  4]]

*********************
AFTER: 
[[ 2  0  0  0]
 [ 0  0  0  8]
 [ 0 16  2 64]
 [ 2  8  4  8]]

TIME TAKEN FOR STEP: 1.82071538596

*********************

BRANCHES: 60
AI SELECT ACTION: d
*********************
BEFORE: 
[[ 2  0  0  0]
 [ 0  0  0  8]
 [ 0 16  2 64]
 [ 2  8  4  8]]

*********************
AFTER: 
[[ 0  0  0  0]
 [ 0  0  0  8]
 [ 4 16  2 64]
 [ 4  8  4  8]]

TIME TAKEN FOR STEP: 2.26102291793

*********************

BRANCHES: 46
AI SELECT ACTION: u
*********************
BEFORE: 
[[ 0  0  0  0]
 [ 0  0  0  8]
 [ 4 16  2 64]
 [ 4  8  4  8]]

*********************
AFTER: 
[[ 8 16  2  8]
 [ 0  8  4 64]
 [ 2  0  0  8]
 [ 0  0  0  0]]

TIME TAKEN FOR STEP: 1.84711381614

*********************

BRANCHES: 56
AI SELECT ACTION: r
*********************
BEFORE: 
[[ 8 16  2  8]
 [ 0  8  4 64]
 [ 2  0  0  8]
 [ 0  0  0  0]]

*********************
AFTER: 
[[ 8 16  2  8]
 [ 0  8  4 64]
 [ 2  0  2  8]
 [ 0  0  0  0]]

TIME TAKEN FOR STEP: 2.39861388587

*********************

BRANCHES: 52
AI SELECT ACTION: d
*********************
BEFORE: 
[[ 8 16  2  8]
 [ 0  8  4 64]
 [ 2  0  2  8]
 [ 0  0  0  0]]

*********************
AFTER: 
[[ 0  0  0  0]
 [ 4  0  2  8]
 [ 8 16  4 64]
 [ 2  8  2  8]]

TIME TAKEN FOR STEP: 1.64965358999

*********************

BRANCHES: 30
AI SELECT ACTION: r
*********************
BEFORE: 
[[ 0  0  0  0]
 [ 4  0  2  8]
 [ 8 16  4 64]
 [ 2  8  2  8]]

*********************
AFTER: 
[[ 0  0  0  4]
 [ 0  4  2  8]
 [ 8 16  4 64]
 [ 2  8  2  8]]

TIME TAKEN FOR STEP: 1.00194567978

*********************

BRANCHES: 16
AI SELECT ACTION: u
*********************
BEFORE: 
[[ 0  0  0  4]
 [ 0  4  2  8]
 [ 8 16  4 64]
 [ 2  8  2  8]]

*********************
AFTER: 
[[ 8  4  2  4]
 [ 2 16  4  8]
 [ 2  8  2 64]
 [ 0  0  0  8]]

TIME TAKEN FOR STEP: 1.00173392661

*********************

BRANCHES: 22
AI SELECT ACTION: d
*********************
BEFORE: 
[[ 8  4  2  4]
 [ 2 16  4  8]
 [ 2  8  2 64]
 [ 0  0  0  8]]

*********************
AFTER: 
[[ 0  0  0  4]
 [ 2  4  2  8]
 [ 8 16  4 64]
 [ 4  8  2  8]]

TIME TAKEN FOR STEP: 1.00370410023

*********************

BRANCHES: 12
AI SELECT ACTION: l
*********************
BEFORE: 
[[ 0  0  0  4]
 [ 2  4  2  8]
 [ 8 16  4 64]
 [ 4  8  2  8]]

*********************
AFTER: 
[[ 4  0  2  0]
 [ 2  4  2  8]
 [ 8 16  4 64]
 [ 4  8  2  8]]

TIME TAKEN FOR STEP: 1.00261688992

*********************

BRANCHES: 22
AI SELECT ACTION: d
*********************
BEFORE: 
[[ 4  0  2  0]
 [ 2  4  2  8]
 [ 8 16  4 64]
 [ 4  8  2  8]]

*********************
AFTER: 
[[ 4  0  2  0]
 [ 2  4  4  8]
 [ 8 16  4 64]
 [ 4  8  2  8]]

TIME TAKEN FOR STEP: 1.00198716128

*********************

BRANCHES: 26
AI SELECT ACTION: d
*********************
BEFORE: 
[[ 4  0  2  0]
 [ 2  4  4  8]
 [ 8 16  4 64]
 [ 4  8  2  8]]

*********************
AFTER: 
[[ 4  0  2  0]
 [ 2  4  2  8]
 [ 8 16  8 64]
 [ 4  8  2  8]]

TIME TAKEN FOR STEP: 1.00128513631

*********************

BRANCHES: 20
AI SELECT ACTION: d
*********************
BEFORE: 
[[ 4  0  2  0]
 [ 2  4  2  8]
 [ 8 16  8 64]
 [ 4  8  2  8]]

*********************
AFTER: 
[[ 4  2  0  0]
 [ 2  4  4  8]
 [ 8 16  8 64]
 [ 4  8  2  8]]

TIME TAKEN FOR STEP: 1.00177975379

*********************

BRANCHES: 18
AI SELECT ACTION: l
*********************
BEFORE: 
[[ 4  2  0  0]
 [ 2  4  4  8]
 [ 8 16  8 64]
 [ 4  8  2  8]]

*********************
AFTER: 
[[ 4  2  0  2]
 [ 2 16  0  0]
 [ 8 16  8 64]
 [ 4  8  2  8]]

TIME TAKEN FOR STEP: 1.00196938349

*********************

BRANCHES: 34
AI SELECT ACTION: u
*********************
BEFORE: 
[[ 4  2  0  2]
 [ 2 16  0  0]
 [ 8 16  8 64]
 [ 4  8  2  8]]

*********************
AFTER: 
[[ 4  2  8  2]
 [ 2 32  2 64]
 [ 8  8  0  8]
 [ 4  0  0  2]]

TIME TAKEN FOR STEP: 1.22750705284

*********************

BRANCHES: 22
AI SELECT ACTION: l
*********************
BEFORE: 
[[ 4  2  8  2]
 [ 2 32  2 64]
 [ 8  8  0  8]
 [ 4  0  0  2]]

*********************
AFTER: 
[[ 4  2  8  2]
 [ 2 32  2 64]
 [16  8  0  4]
 [ 4  2  0  0]]

TIME TAKEN FOR STEP: 1.00179318589

*********************

BRANCHES: 18
AI SELECT ACTION: r
*********************
BEFORE: 
[[ 4  2  8  2]
 [ 2 32  2 64]
 [16  8  0  4]
 [ 4  2  0  0]]

*********************
AFTER: 
[[ 4  2  8  2]
 [ 2 32  2 64]
 [ 0 16  8  4]
 [ 4  0  4  2]]

TIME TAKEN FOR STEP: 1.00144079069

*********************

BRANCHES: 20
AI SELECT ACTION: l
*********************
BEFORE: 
[[ 4  2  8  2]
 [ 2 32  2 64]
 [ 0 16  8  4]
 [ 4  0  4  2]]

*********************
AFTER: 
[[ 4  2  8  2]
 [ 2 32  2 64]
 [16  8  4  2]
 [ 8  2  0  0]]

TIME TAKEN FOR STEP: 1.00209027243

*********************

BRANCHES: 8
AI SELECT ACTION: r
*********************
BEFORE: 
[[ 4  2  8  2]
 [ 2 32  2 64]
 [16  8  4  2]
 [ 8  2  0  0]]

*********************
AFTER: 
[[ 4  2  8  2]
 [ 2 32  2 64]
 [16  8  4  2]
 [ 2  0  8  2]]

TIME TAKEN FOR STEP: 1.00431921158

*********************

BRANCHES: 12
AI SELECT ACTION: u
*********************
BEFORE: 
[[ 4  2  8  2]
 [ 2 32  2 64]
 [16  8  4  2]
 [ 2  0  8  2]]

*********************
AFTER: 
[[ 4  2  8  2]
 [ 2 32  2 64]
 [16  8  4  4]
 [ 2  2  8  0]]

TIME TAKEN FOR STEP: 1.00169323524

*********************

BRANCHES: 18
AI SELECT ACTION: r
*********************
BEFORE: 
[[ 4  2  8  2]
 [ 2 32  2 64]
 [16  8  4  4]
 [ 2  2  8  0]]

*********************
AFTER: 
[[ 4  2  8  2]
 [ 2 32  2 64]
 [ 2  0  0 32]
 [ 0  0  4  8]]

TIME TAKEN FOR STEP: 1.0023518034

*********************

BRANCHES: 38
AI SELECT ACTION: d
*********************
BEFORE: 
[[ 4  2  8  2]
 [ 2 32  2 64]
 [ 2  0  0 32]
 [ 0  0  4  8]]

*********************
AFTER: 
[[ 0  0  0  2]
 [ 0  0  8 64]
 [ 2  2  2 32]
 [ 8 32  4  8]]

TIME TAKEN FOR STEP: 1.17839493467

*********************

BRANCHES: 34
AI SELECT ACTION: r
*********************
BEFORE: 
[[ 0  0  0  2]
 [ 0  0  8 64]
 [ 2  2  2 32]
 [ 8 32  4  8]]

*********************
AFTER: 
[[ 0  0  0  2]
 [ 0  2  8 64]
 [ 0  2  4 32]
 [ 8 32  4  8]]

TIME TAKEN FOR STEP: 1.0886827017

*********************

BRANCHES: 40
AI SELECT ACTION: d
*********************
BEFORE: 
[[ 0  0  0  2]
 [ 0  2  8 64]
 [ 0  2  4 32]
 [ 8 32  4  8]]

*********************
AFTER: 
[[ 0  0  0  2]
 [ 0  2  0 64]
 [ 0  4  0 32]
 [ 8 32 16  8]]

TIME TAKEN FOR STEP: 1.18737232094

*********************

BRANCHES: 42
AI SELECT ACTION: r
*********************
BEFORE: 
[[ 0  0  0  2]
 [ 0  2  0 64]
 [ 0  4  0 32]
 [ 8 32 16  8]]

*********************
AFTER: 
[[ 0  0  0  2]
 [ 0  0  2 64]
 [ 0  4  4 32]
 [ 8 32 16  8]]

TIME TAKEN FOR STEP: 1.27490539256

*********************

BRANCHES: 40
AI SELECT ACTION: u
*********************
BEFORE: 
[[ 0  0  0  2]
 [ 0  0  2 64]
 [ 0  4  4 32]
 [ 8 32 16  8]]

*********************
AFTER: 
[[ 8  4  2  2]
 [ 0 32  4 64]
 [ 0  2 16 32]
 [ 0  0  0  8]]

TIME TAKEN FOR STEP: 1.37375698716

*********************

BRANCHES: 38
AI SELECT ACTION: r
*********************
BEFORE: 
[[ 8  4  2  2]
 [ 0 32  4 64]
 [ 0  2 16 32]
 [ 0  0  0  8]]

*********************
AFTER: 
[[ 0  0  0 16]
 [ 0 32  4 64]
 [ 0  2 16 32]
 [ 0  2  0  8]]

TIME TAKEN FOR STEP: 1.07104002807

*********************

BRANCHES: 60
AI SELECT ACTION: r
*********************
BEFORE: 
[[ 0  0  0 16]
 [ 0 32  4 64]
 [ 0  2 16 32]
 [ 0  2  0  8]]

*********************
AFTER: 
[[ 0  0  0 16]
 [ 0 32  4 64]
 [ 2  2 16 32]
 [ 0  0  2  8]]

TIME TAKEN FOR STEP: 1.63586474503

*********************

BRANCHES: 52
AI SELECT ACTION: r
*********************
BEFORE: 
[[ 0  0  0 16]
 [ 0 32  4 64]
 [ 2  2 16 32]
 [ 0  0  2  8]]

*********************
AFTER: 
[[ 0  0  0 16]
 [ 0 32  4 64]
 [ 0  4 16 32]
 [ 4  0  2  8]]

TIME TAKEN FOR STEP: 1.19993844936

*********************

BRANCHES: 48
AI SELECT ACTION: r
*********************
BEFORE: 
[[ 0  0  0 16]
 [ 0 32  4 64]
 [ 0  4 16 32]
 [ 4  0  2  8]]

*********************
AFTER: 
[[ 0  0  2 16]
 [ 0 32  4 64]
 [ 0  4 16 32]
 [ 0  4  2  8]]

TIME TAKEN FOR STEP: 1.25720543495

*********************

BRANCHES: 34
AI SELECT ACTION: l
*********************
BEFORE: 
[[ 0  0  2 16]
 [ 0 32  4 64]
 [ 0  4 16 32]
 [ 0  4  2  8]]

*********************
AFTER: 
[[ 2 16  0  0]
 [32  4 64  0]
 [ 4 16 32  2]
 [ 4  2  8  0]]

TIME TAKEN FOR STEP: 1.00230834659

*********************

BRANCHES: 28
AI SELECT ACTION: u
*********************
BEFORE: 
[[ 2 16  0  0]
 [32  4 64  0]
 [ 4 16 32  2]
 [ 4  2  8  0]]

*********************
AFTER: 
[[ 2 16 64  2]
 [32  4 32  0]
 [ 8 16  8  4]
 [ 0  2  0  0]]

TIME TAKEN FOR STEP: 1.00295150734

*********************

BRANCHES: 32
AI SELECT ACTION: l
*********************
BEFORE: 
[[ 2 16 64  2]
 [32  4 32  0]
 [ 8 16  8  4]
 [ 0  2  0  0]]

*********************
AFTER: 
[[ 2 16 64  2]
 [32  4 32  0]
 [ 8 16  8  4]
 [ 2  2  0  0]]

TIME TAKEN FOR STEP: 1.00254538372

*********************

BRANCHES: 28
AI SELECT ACTION: u
*********************
BEFORE: 
[[ 2 16 64  2]
 [32  4 32  0]
 [ 8 16  8  4]
 [ 2  2  0  0]]

*********************
AFTER: 
[[ 2 16 64  2]
 [32  4 32  4]
 [ 8 16  8  2]
 [ 2  2  0  0]]

TIME TAKEN FOR STEP: 1.00207012427

*********************

BRANCHES: 16
AI SELECT ACTION: d
*********************
BEFORE: 
[[ 2 16 64  2]
 [32  4 32  4]
 [ 8 16  8  2]
 [ 2  2  0  0]]

*********************
AFTER: 
[[ 2 16  0  2]
 [32  4 64  2]
 [ 8 16 32  4]
 [ 2  2  8  2]]

TIME TAKEN FOR STEP: 1.00126498815

*********************

BRANCHES: 18
AI SELECT ACTION: d
*********************
BEFORE: 
[[ 2 16  0  2]
 [32  4 64  2]
 [ 8 16 32  4]
 [ 2  2  8  2]]

*********************
AFTER: 
[[ 2 16  2  0]
 [32  4 64  4]
 [ 8 16 32  4]
 [ 2  2  8  2]]

TIME TAKEN FOR STEP: 1.0015423216

*********************

BRANCHES: 16
AI SELECT ACTION: d
*********************
BEFORE: 
[[ 2 16  2  0]
 [32  4 64  4]
 [ 8 16 32  4]
 [ 2  2  8  2]]

*********************
AFTER: 
[[ 2 16  2  0]
 [32  4 64  2]
 [ 8 16 32  8]
 [ 2  2  8  2]]

TIME TAKEN FOR STEP: 1.00224750706

*********************

BRANCHES: 10
AI SELECT ACTION: r
*********************
BEFORE: 
[[ 2 16  2  0]
 [32  4 64  2]
 [ 8 16 32  8]
 [ 2  2  8  2]]

*********************
AFTER: 
[[ 4  2 16  2]
 [32  4 64  2]
 [ 8 16 32  8]
 [ 0  4  8  2]]

TIME TAKEN FOR STEP: 1.00126222272

*********************

BRANCHES: 10
AI SELECT ACTION: d
*********************
BEFORE: 
[[ 4  2 16  2]
 [32  4 64  2]
 [ 8 16 32  8]
 [ 0  4  8  2]]

*********************
AFTER: 
[[ 0  2 16  2]
 [ 4  4 64  4]
 [32 16 32  8]
 [ 8  4  8  2]]

TIME TAKEN FOR STEP: 1.00352355695

*********************

BRANCHES: 10
AI SELECT ACTION: l
*********************
BEFORE: 
[[ 0  2 16  2]
 [ 4  4 64  4]
 [32 16 32  8]
 [ 8  4  8  2]]

*********************
AFTER: 
[[ 2 16  2  0]
 [ 8 64  4  2]
 [32 16 32  8]
 [ 8  4  8  2]]

TIME TAKEN FOR STEP: 1.00222696384

*********************

BRANCHES: 4
AI SELECT ACTION: r
*********************
BEFORE: 
[[ 2 16  2  0]
 [ 8 64  4  2]
 [32 16 32  8]
 [ 8  4  8  2]]

*********************
AFTER: 
[[ 2  2 16  2]
 [ 8 64  4  2]
 [32 16 32  8]
 [ 8  4  8  2]]

TIME TAKEN FOR STEP: 1.00139022277

*********************

BRANCHES: 8
AI SELECT ACTION: d
*********************
BEFORE: 
[[ 2  2 16  2]
 [ 8 64  4  2]
 [32 16 32  8]
 [ 8  4  8  2]]

*********************
AFTER: 
[[ 2  2 16  2]
 [ 8 64  4  4]
 [32 16 32  8]
 [ 8  4  8  2]]

TIME TAKEN FOR STEP: 1.00229965523

*********************

BRANCHES: 8
AI SELECT ACTION: l
*********************
BEFORE: 
[[ 2  2 16  2]
 [ 8 64  4  4]
 [32 16 32  8]
 [ 8  4  8  2]]

*********************
AFTER: 
[[ 4 16  2  4]
 [ 8 64  8  0]
 [32 16 32  8]
 [ 8  4  8  2]]

TIME TAKEN FOR STEP: 1.00230834659

*********************

BRANCHES: 6
AI SELECT ACTION: u
*********************
BEFORE: 
[[ 4 16  2  4]
 [ 8 64  8  0]
 [32 16 32  8]
 [ 8  4  8  2]]

*********************
AFTER: 
[[ 4 16  2  4]
 [ 8 64  8  8]
 [32 16 32  2]
 [ 8  4  8  2]]

TIME TAKEN FOR STEP: 1.00143644501

*********************

BRANCHES: 8
AI SELECT ACTION: d
*********************
BEFORE: 
[[ 4 16  2  4]
 [ 8 64  8  8]
 [32 16 32  2]
 [ 8  4  8  2]]

*********************
AFTER: 
[[ 4 16  2  2]
 [ 8 64  8  4]
 [32 16 32  8]
 [ 8  4  8  4]]

TIME TAKEN FOR STEP: 1.00341293962

*********************

BRANCHES: 4
AI SELECT ACTION: r
*********************
BEFORE: 
[[ 4 16  2  2]
 [ 8 64  8  4]
 [32 16 32  8]
 [ 8  4  8  4]]

*********************
AFTER: 
[[ 2  4 16  4]
 [ 8 64  8  4]
 [32 16 32  8]
 [ 8  4  8  4]]

TIME TAKEN FOR STEP: 1.00463605121

*********************

BRANCHES: 6
AI SELECT ACTION: u
*********************
BEFORE: 
[[ 2  4 16  4]
 [ 8 64  8  4]
 [32 16 32  8]
 [ 8  4  8  4]]

*********************
AFTER: 
[[ 2  4 16 16]
 [ 8 64  8  4]
 [32 16 32  2]
 [ 8  4  8  0]]

TIME TAKEN FOR STEP: 1.00126538322

*********************

BRANCHES: 10
AI SELECT ACTION: r
*********************
BEFORE: 
[[ 2  4 16 16]
 [ 8 64  8  4]
 [32 16 32  2]
 [ 8  4  8  0]]

*********************
AFTER: 
[[ 0  2  4 32]
 [ 8 64  8  4]
 [32 16 32  2]
 [ 2  8  4  8]]

TIME TAKEN FOR STEP: 1.00191486495

*********************

BRANCHES: 4
AI SELECT ACTION: u
*********************
BEFORE: 
[[ 0  2  4 32]
 [ 8 64  8  4]
 [32 16 32  2]
 [ 2  8  4  8]]

*********************
AFTER: 
[[ 8  2  4 32]
 [32 64  8  4]
 [ 2 16 32  2]
 [ 2  8  4  8]]

TIME TAKEN FOR STEP: 1.0021009391

*********************

BRANCHES: 4
AI SELECT ACTION: d
*********************
BEFORE: 
[[ 8  2  4 32]
 [32 64  8  4]
 [ 2 16 32  2]
 [ 2  8  4  8]]

*********************
AFTER: 
[[ 2  2  4 32]
 [ 8 64  8  4]
 [32 16 32  2]
 [ 4  8  4  8]]

TIME TAKEN FOR STEP: 1.00146528453

*********************

BRANCHES: 6
AI SELECT ACTION: r
*********************
BEFORE: 
[[ 2  2  4 32]
 [ 8 64  8  4]
 [32 16 32  2]
 [ 4  8  4  8]]

*********************
AFTER: 
[[ 2  4  4 32]
 [ 8 64  8  4]
 [32 16 32  2]
 [ 4  8  4  8]]

TIME TAKEN FOR STEP: 1.00186548222

*********************

BRANCHES: 4
AI SELECT ACTION: l
*********************
BEFORE: 
[[ 2  4  4 32]
 [ 8 64  8  4]
 [32 16 32  2]
 [ 4  8  4  8]]

*********************
AFTER: 
[[ 2  8 32  2]
 [ 8 64  8  4]
 [32 16 32  2]
 [ 4  8  4  8]]

TIME TAKEN FOR STEP: 1.00546884167

FINISHED: 
[[ 2  8 32  2]
 [ 8 64  8  4]
 [32 16 32  2]
 [ 4  8  4  8]]

IS WIN?: 
False

IS LOSE?: 
True

