STARTIG BOARD: 
[[0 0 0 0]
 [0 0 0 0]
 [2 0 0 0]
 [2 0 0 0]]

*********************

BRANCHES: 88
AI SELECT ACTION: r
*********************
BEFORE: 
[[0 0 0 0]
 [0 0 0 0]
 [2 0 0 0]
 [2 0 0 0]]

*********************
AFTER: 
[[0 0 0 0]
 [0 0 0 0]
 [0 0 0 2]
 [0 2 0 2]]

TIME TAKEN FOR STEP: 3.21360126957

*********************

BRANCHES: 112
AI SELECT ACTION: d
*********************
BEFORE: 
[[0 0 0 0]
 [0 0 0 0]
 [0 0 0 2]
 [0 2 0 2]]

*********************
AFTER: 
[[0 0 0 0]
 [0 0 0 0]
 [0 2 0 0]
 [0 2 0 4]]

TIME TAKEN FOR STEP: 3.98803436564

*********************

BRANCHES: 108
AI SELECT ACTION: d
*********************
BEFORE: 
[[0 0 0 0]
 [0 0 0 0]
 [0 2 0 0]
 [0 2 0 4]]

*********************
AFTER: 
[[4 0 0 0]
 [0 0 0 0]
 [0 0 0 0]
 [0 4 0 4]]

TIME TAKEN FOR STEP: 3.82770956156

*********************

BRANCHES: 108
AI SELECT ACTION: d
*********************
BEFORE: 
[[4 0 0 0]
 [0 0 0 0]
 [0 0 0 0]
 [0 4 0 4]]

*********************
AFTER: 
[[0 0 0 0]
 [0 0 0 0]
 [0 0 0 0]
 [4 4 2 4]]

TIME TAKEN FOR STEP: 3.90692025952

*********************

BRANCHES: 76
AI SELECT ACTION: u
*********************
BEFORE: 
[[0 0 0 0]
 [0 0 0 0]
 [0 0 0 0]
 [4 4 2 4]]

*********************
AFTER: 
[[4 4 2 4]
 [0 0 2 0]
 [0 0 0 0]
 [0 0 0 0]]

TIME TAKEN FOR STEP: 2.84322364177

*********************

BRANCHES: 96
AI SELECT ACTION: l
*********************
BEFORE: 
[[4 4 2 4]
 [0 0 2 0]
 [0 0 0 0]
 [0 0 0 0]]

*********************
AFTER: 
[[8 2 4 0]
 [2 0 0 0]
 [0 0 0 0]
 [0 0 2 0]]

TIME TAKEN FOR STEP: 3.24204888575

*********************

BRANCHES: 88
AI SELECT ACTION: d
*********************
BEFORE: 
[[8 2 4 0]
 [2 0 0 0]
 [0 0 0 0]
 [0 0 2 0]]

*********************
AFTER: 
[[0 0 0 2]
 [0 0 0 0]
 [8 0 4 0]
 [2 2 2 0]]

TIME TAKEN FOR STEP: 2.9291334041

*********************

BRANCHES: 84
AI SELECT ACTION: d
*********************
BEFORE: 
[[0 0 0 2]
 [0 0 0 0]
 [8 0 4 0]
 [2 2 2 0]]

*********************
AFTER: 
[[0 0 0 0]
 [2 0 0 0]
 [8 0 4 0]
 [2 2 2 2]]

TIME TAKEN FOR STEP: 2.82733701821

*********************

BRANCHES: 62
AI SELECT ACTION: r
*********************
BEFORE: 
[[0 0 0 0]
 [2 0 0 0]
 [8 0 4 0]
 [2 2 2 2]]

*********************
AFTER: 
[[0 0 0 2]
 [0 0 0 2]
 [0 0 8 4]
 [0 0 4 4]]

TIME TAKEN FOR STEP: 2.61168300708

*********************

BRANCHES: 92
AI SELECT ACTION: u
*********************
BEFORE: 
[[0 0 0 2]
 [0 0 0 2]
 [0 0 8 4]
 [0 0 4 4]]

*********************
AFTER: 
[[0 0 8 8]
 [0 0 4 4]
 [0 0 0 0]
 [0 0 0 2]]

TIME TAKEN FOR STEP: 3.91212243442

*********************

BRANCHES: 96
AI SELECT ACTION: d
*********************
BEFORE: 
[[0 0 8 8]
 [0 0 4 4]
 [0 0 0 0]
 [0 0 0 2]]

*********************
AFTER: 
[[0 0 0 0]
 [0 2 0 8]
 [0 0 8 4]
 [0 0 4 2]]

TIME TAKEN FOR STEP: 3.28150727171

*********************

BRANCHES: 80
AI SELECT ACTION: l
*********************
BEFORE: 
[[0 0 0 0]
 [0 2 0 8]
 [0 0 8 4]
 [0 0 4 2]]

*********************
AFTER: 
[[0 0 0 0]
 [2 8 0 0]
 [8 4 0 2]
 [4 2 0 0]]

TIME TAKEN FOR STEP: 2.84049692464

*********************

BRANCHES: 72
AI SELECT ACTION: d
*********************
BEFORE: 
[[0 0 0 0]
 [2 8 0 0]
 [8 4 0 2]
 [4 2 0 0]]

*********************
AFTER: 
[[0 0 0 0]
 [2 8 2 0]
 [8 4 0 0]
 [4 2 0 2]]

TIME TAKEN FOR STEP: 2.46048255229

*********************

BRANCHES: 70
AI SELECT ACTION: r
*********************
BEFORE: 
[[0 0 0 0]
 [2 8 2 0]
 [8 4 0 0]
 [4 2 0 2]]

*********************
AFTER: 
[[0 0 0 0]
 [0 2 8 2]
 [0 0 8 4]
 [2 0 0 8]]

TIME TAKEN FOR STEP: 2.35910809249

*********************

BRANCHES: 76
AI SELECT ACTION: d
*********************
BEFORE: 
[[0 0 0 0]
 [0 2 8 2]
 [0 0 8 4]
 [2 0 0 8]]

*********************
AFTER: 
[[ 0  0  0  0]
 [ 0  0  2  2]
 [ 0  0  0  4]
 [ 2  2 16  8]]

TIME TAKEN FOR STEP: 2.93094041716

*********************

BRANCHES: 80
AI SELECT ACTION: l
*********************
BEFORE: 
[[ 0  0  0  0]
 [ 0  0  2  2]
 [ 0  0  0  4]
 [ 2  2 16  8]]

*********************
AFTER: 
[[ 0  0  0  0]
 [ 4  0  0  0]
 [ 4  0  0  0]
 [ 4 16  8  2]]

TIME TAKEN FOR STEP: 3.4806358442

*********************

BRANCHES: 64
AI SELECT ACTION: r
*********************
BEFORE: 
[[ 0  0  0  0]
 [ 4  0  0  0]
 [ 4  0  0  0]
 [ 4 16  8  2]]

*********************
AFTER: 
[[ 2  0  0  0]
 [ 0  0  0  4]
 [ 0  0  0  4]
 [ 4 16  8  2]]

TIME TAKEN FOR STEP: 2.92202821611

*********************

BRANCHES: 76
AI SELECT ACTION: r
*********************
BEFORE: 
[[ 2  0  0  0]
 [ 0  0  0  4]
 [ 0  0  0  4]
 [ 4 16  8  2]]

*********************
AFTER: 
[[ 0  0  0  2]
 [ 0  0  0  4]
 [ 0  2  0  4]
 [ 4 16  8  2]]

TIME TAKEN FOR STEP: 3.04606184536

*********************

BRANCHES: 68
AI SELECT ACTION: d
*********************
BEFORE: 
[[ 0  0  0  2]
 [ 0  0  0  4]
 [ 0  2  0  4]
 [ 4 16  8  2]]

*********************
AFTER: 
[[ 0  0  0  0]
 [ 0  0  0  2]
 [ 2  2  0  8]
 [ 4 16  8  2]]

TIME TAKEN FOR STEP: 3.31638531018

*********************

BRANCHES: 52
AI SELECT ACTION: l
*********************
BEFORE: 
[[ 0  0  0  0]
 [ 0  0  0  2]
 [ 2  2  0  8]
 [ 4 16  8  2]]

*********************
AFTER: 
[[ 0  0  0  0]
 [ 2  0  0  2]
 [ 4  8  0  0]
 [ 4 16  8  2]]

TIME TAKEN FOR STEP: 2.30082895835

*********************

BRANCHES: 76
AI SELECT ACTION: r
*********************
BEFORE: 
[[ 0  0  0  0]
 [ 2  0  0  2]
 [ 4  8  0  0]
 [ 4 16  8  2]]

*********************
AFTER: 
[[ 2  0  0  0]
 [ 0  0  0  4]
 [ 0  0  4  8]
 [ 4 16  8  2]]

TIME TAKEN FOR STEP: 3.14370889628

*********************

BRANCHES: 64
AI SELECT ACTION: l
*********************
BEFORE: 
[[ 2  0  0  0]
 [ 0  0  0  4]
 [ 0  0  4  8]
 [ 4 16  8  2]]

*********************
AFTER: 
[[ 2  0  0  0]
 [ 4  0  0  2]
 [ 4  8  0  0]
 [ 4 16  8  2]]

TIME TAKEN FOR STEP: 2.68025745393

*********************

BRANCHES: 64
AI SELECT ACTION: u
*********************
BEFORE: 
[[ 2  0  0  0]
 [ 4  0  0  2]
 [ 4  8  0  0]
 [ 4 16  8  2]]

*********************
AFTER: 
[[ 2  8  8  4]
 [ 8 16  0  0]
 [ 4  2  0  0]
 [ 0  0  0  0]]

TIME TAKEN FOR STEP: 2.33882284991

*********************

BRANCHES: 52
AI SELECT ACTION: d
*********************
BEFORE: 
[[ 2  8  8  4]
 [ 8 16  0  0]
 [ 4  2  0  0]
 [ 0  0  0  0]]

*********************
AFTER: 
[[ 4  0  0  0]
 [ 2  8  0  0]
 [ 8 16  0  0]
 [ 4  2  8  4]]

TIME TAKEN FOR STEP: 1.87474839496

*********************

BRANCHES: 28
AI SELECT ACTION: u
*********************
BEFORE: 
[[ 4  0  0  0]
 [ 2  8  0  0]
 [ 8 16  0  0]
 [ 4  2  8  4]]

*********************
AFTER: 
[[ 4  8  8  4]
 [ 2 16  0  2]
 [ 8  2  0  0]
 [ 4  0  0  0]]

TIME TAKEN FOR STEP: 1.37314464124

*********************

BRANCHES: 40
AI SELECT ACTION: d
*********************
BEFORE: 
[[ 4  8  8  4]
 [ 2 16  0  2]
 [ 8  2  0  0]
 [ 4  0  0  0]]

*********************
AFTER: 
[[ 4  0  0  0]
 [ 2  8  0  2]
 [ 8 16  0  4]
 [ 4  2  8  2]]

TIME TAKEN FOR STEP: 1.45086556084

*********************

BRANCHES: 30
AI SELECT ACTION: u
*********************
BEFORE: 
[[ 4  0  0  0]
 [ 2  8  0  2]
 [ 8 16  0  4]
 [ 4  2  8  2]]

*********************
AFTER: 
[[ 4  8  8  2]
 [ 2 16  0  4]
 [ 8  2  0  2]
 [ 4  0  2  0]]

TIME TAKEN FOR STEP: 1.14963245418

*********************

BRANCHES: 40
AI SELECT ACTION: r
*********************
BEFORE: 
[[ 4  8  8  2]
 [ 2 16  0  4]
 [ 8  2  0  2]
 [ 4  0  2  0]]

*********************
AFTER: 
[[ 0  4 16  2]
 [ 2  2 16  4]
 [ 0  0  8  4]
 [ 0  0  4  2]]

TIME TAKEN FOR STEP: 1.54799784612

*********************

BRANCHES: 52
AI SELECT ACTION: d
*********************
BEFORE: 
[[ 0  4 16  2]
 [ 2  2 16  4]
 [ 0  0  8  4]
 [ 0  0  4  2]]

*********************
AFTER: 
[[ 2  0  0  0]
 [ 0  0 32  2]
 [ 0  4  8  8]
 [ 2  2  4  2]]

TIME TAKEN FOR STEP: 1.931405405

*********************

BRANCHES: 62
AI SELECT ACTION: u
*********************
BEFORE: 
[[ 2  0  0  0]
 [ 0  0 32  2]
 [ 0  4  8  8]
 [ 2  2  4  2]]

*********************
AFTER: 
[[ 4  4 32  2]
 [ 0  2  8  8]
 [ 0  0  4  2]
 [ 0  2  0  0]]

TIME TAKEN FOR STEP: 2.25241333429

*********************

BRANCHES: 62
AI SELECT ACTION: r
*********************
BEFORE: 
[[ 4  4 32  2]
 [ 0  2  8  8]
 [ 0  0  4  2]
 [ 0  2  0  0]]

*********************
AFTER: 
[[ 0  8 32  2]
 [ 0  0  2 16]
 [ 0  0  4  2]
 [ 0  2  0  2]]

TIME TAKEN FOR STEP: 2.46280907173

*********************

BRANCHES: 64
AI SELECT ACTION: u
*********************
BEFORE: 
[[ 0  8 32  2]
 [ 0  0  2 16]
 [ 0  0  4  2]
 [ 0  2  0  2]]

*********************
AFTER: 
[[ 2  8 32  2]
 [ 0  2  2 16]
 [ 0  0  4  4]
 [ 0  0  0  0]]

TIME TAKEN FOR STEP: 2.576117956

*********************

BRANCHES: 50
AI SELECT ACTION: r
*********************
BEFORE: 
[[ 2  8 32  2]
 [ 0  2  2 16]
 [ 0  0  4  4]
 [ 0  0  0  0]]

*********************
AFTER: 
[[ 2  8 32  2]
 [ 0  0  4 16]
 [ 0  2  0  8]
 [ 0  0  0  0]]

TIME TAKEN FOR STEP: 2.02791507276

*********************

BRANCHES: 64
AI SELECT ACTION: r
*********************
BEFORE: 
[[ 2  8 32  2]
 [ 0  0  4 16]
 [ 0  2  0  8]
 [ 0  0  0  0]]

*********************
AFTER: 
[[ 2  8 32  2]
 [ 0  2  4 16]
 [ 0  0  2  8]
 [ 0  0  0  0]]

TIME TAKEN FOR STEP: 2.20214486998

*********************

BRANCHES: 28
AI SELECT ACTION: d
*********************
BEFORE: 
[[ 2  8 32  2]
 [ 0  2  4 16]
 [ 0  0  2  8]
 [ 0  0  0  0]]

*********************
AFTER: 
[[ 0  0  0  0]
 [ 0  0 32  2]
 [ 2  8  4 16]
 [ 2  2  2  8]]

TIME TAKEN FOR STEP: 0.879504149928

*********************

BRANCHES: 56
AI SELECT ACTION: d
*********************
BEFORE: 
[[ 0  0  0  0]
 [ 0  0 32  2]
 [ 2  8  4 16]
 [ 2  2  2  8]]

*********************
AFTER: 
[[ 0  0  4  0]
 [ 0  0 32  2]
 [ 0  8  4 16]
 [ 4  2  2  8]]

TIME TAKEN FOR STEP: 1.88688588124

*********************

BRANCHES: 42
AI SELECT ACTION: l
*********************
BEFORE: 
[[ 0  0  4  0]
 [ 0  0 32  2]
 [ 0  8  4 16]
 [ 4  2  2  8]]

*********************
AFTER: 
[[ 4  0  0  0]
 [32  2  0  0]
 [ 8  4 16  0]
 [ 4  4  8  2]]

TIME TAKEN FOR STEP: 1.56606363104

*********************

BRANCHES: 58
AI SELECT ACTION: d
*********************
BEFORE: 
[[ 4  0  0  0]
 [32  2  0  0]
 [ 8  4 16  0]
 [ 4  4  8  2]]

*********************
AFTER: 
[[ 4  0  0  0]
 [32  2  0  0]
 [ 8  2 16  0]
 [ 4  8  8  2]]

TIME TAKEN FOR STEP: 2.17733498364

*********************

BRANCHES: 56
AI SELECT ACTION: l
*********************
BEFORE: 
[[ 4  0  0  0]
 [32  2  0  0]
 [ 8  2 16  0]
 [ 4  8  8  2]]

*********************
AFTER: 
[[ 4  0  0  0]
 [32  2  0  2]
 [ 8  2 16  0]
 [ 4 16  2  0]]

TIME TAKEN FOR STEP: 1.84710235935

*********************

BRANCHES: 56
AI SELECT ACTION: l
*********************
BEFORE: 
[[ 4  0  0  0]
 [32  2  0  2]
 [ 8  2 16  0]
 [ 4 16  2  0]]

*********************
AFTER: 
[[ 4  0  0  2]
 [32  4  0  0]
 [ 8  2 16  0]
 [ 4 16  2  0]]

TIME TAKEN FOR STEP: 3.39656786037

*********************

BRANCHES: 48
AI SELECT ACTION: l
*********************
BEFORE: 
[[ 4  0  0  2]
 [32  4  0  0]
 [ 8  2 16  0]
 [ 4 16  2  0]]

*********************
AFTER: 
[[ 4  2  0  2]
 [32  4  0  0]
 [ 8  2 16  0]
 [ 4 16  2  0]]

TIME TAKEN FOR STEP: 2.30901187517

*********************

BRANCHES: 46
AI SELECT ACTION: l
*********************
BEFORE: 
[[ 4  2  0  2]
 [32  4  0  0]
 [ 8  2 16  0]
 [ 4 16  2  0]]

*********************
AFTER: 
[[ 4  4  0  0]
 [32  4  0  2]
 [ 8  2 16  0]
 [ 4 16  2  0]]

TIME TAKEN FOR STEP: 1.75577827389

*********************

BRANCHES: 48
AI SELECT ACTION: r
*********************
BEFORE: 
[[ 4  4  0  0]
 [32  4  0  2]
 [ 8  2 16  0]
 [ 4 16  2  0]]

*********************
AFTER: 
[[ 0  0  2  8]
 [ 0 32  4  2]
 [ 0  8  2 16]
 [ 0  4 16  2]]

TIME TAKEN FOR STEP: 1.8529662629

*********************

BRANCHES: 20
AI SELECT ACTION: l
*********************
BEFORE: 
[[ 0  0  2  8]
 [ 0 32  4  2]
 [ 0  8  2 16]
 [ 0  4 16  2]]

*********************
AFTER: 
[[ 2  8  2  0]
 [32  4  2  0]
 [ 8  2 16  0]
 [ 4 16  2  0]]

TIME TAKEN FOR STEP: 0.795923672464

*********************

BRANCHES: 28
AI SELECT ACTION: d
*********************
BEFORE: 
[[ 2  8  2  0]
 [32  4  2  0]
 [ 8  2 16  0]
 [ 4 16  2  0]]

*********************
AFTER: 
[[ 2  8  2  0]
 [32  4  4  0]
 [ 8  2 16  0]
 [ 4 16  2  0]]

TIME TAKEN FOR STEP: 1.16571265806

*********************

BRANCHES: 20
AI SELECT ACTION: l
*********************
BEFORE: 
[[ 2  8  2  0]
 [32  4  4  0]
 [ 8  2 16  0]
 [ 4 16  2  0]]

*********************
AFTER: 
[[ 2  8  2  0]
 [32  8  0  2]
 [ 8  2 16  0]
 [ 4 16  2  0]]

TIME TAKEN FOR STEP: 0.670673252612

*********************

BRANCHES: 36
AI SELECT ACTION: u
*********************
BEFORE: 
[[ 2  8  2  0]
 [32  8  0  2]
 [ 8  2 16  0]
 [ 4 16  2  0]]

*********************
AFTER: 
[[ 2 16  2  2]
 [32  2 16  0]
 [ 8 16  2  0]
 [ 4  0  2  0]]

TIME TAKEN FOR STEP: 1.39585714404

*********************

BRANCHES: 40
AI SELECT ACTION: r
*********************
BEFORE: 
[[ 2 16  2  2]
 [32  2 16  0]
 [ 8 16  2  0]
 [ 4  0  2  0]]

*********************
AFTER: 
[[ 2  2 16  4]
 [ 0 32  2 16]
 [ 0  8 16  2]
 [ 0  0  4  2]]

TIME TAKEN FOR STEP: 1.26312069654

*********************

BRANCHES: 40
AI SELECT ACTION: u
*********************
BEFORE: 
[[ 2  2 16  4]
 [ 0 32  2 16]
 [ 0  8 16  2]
 [ 0  0  4  2]]

*********************
AFTER: 
[[ 2  2 16  4]
 [ 2 32  2 16]
 [ 0  8 16  4]
 [ 0  0  4  0]]

TIME TAKEN FOR STEP: 1.36159303174

*********************

BRANCHES: 40
AI SELECT ACTION: d
*********************
BEFORE: 
[[ 2  2 16  4]
 [ 2 32  2 16]
 [ 0  8 16  4]
 [ 0  0  4  0]]

*********************
AFTER: 
[[ 0  0 16  0]
 [ 2  2  2  4]
 [ 0 32 16 16]
 [ 4  8  4  4]]

TIME TAKEN FOR STEP: 1.18889725981

*********************

BRANCHES: 48
AI SELECT ACTION: l
*********************
BEFORE: 
[[ 0  0 16  0]
 [ 2  2  2  4]
 [ 0 32 16 16]
 [ 4  8  4  4]]

*********************
AFTER: 
[[16  0  0  0]
 [ 4  2  4  0]
 [32 32  2  0]
 [ 4  8  8  0]]

TIME TAKEN FOR STEP: 1.59354769128

*********************

BRANCHES: 44
AI SELECT ACTION: u
*********************
BEFORE: 
[[16  0  0  0]
 [ 4  2  4  0]
 [32 32  2  0]
 [ 4  8  8  0]]

*********************
AFTER: 
[[16  2  4  0]
 [ 4 32  2  0]
 [32  8  8  0]
 [ 4  2  0  0]]

TIME TAKEN FOR STEP: 1.26016128796

*********************

BRANCHES: 34
AI SELECT ACTION: r
*********************
BEFORE: 
[[16  2  4  0]
 [ 4 32  2  0]
 [32  8  8  0]
 [ 4  2  0  0]]

*********************
AFTER: 
[[ 2 16  2  4]
 [ 0  4 32  2]
 [ 0  0 32 16]
 [ 0  0  4  2]]

TIME TAKEN FOR STEP: 0.984960784182

*********************

BRANCHES: 34
AI SELECT ACTION: u
*********************
BEFORE: 
[[ 2 16  2  4]
 [ 0  4 32  2]
 [ 0  0 32 16]
 [ 0  0  4  2]]

*********************
AFTER: 
[[ 2 16  2  4]
 [ 0  4 64  2]
 [ 0  0  4 16]
 [ 0  2  0  2]]

TIME TAKEN FOR STEP: 1.14104578412

*********************

BRANCHES: 44
AI SELECT ACTION: d
*********************
BEFORE: 
[[ 2 16  2  4]
 [ 0  4 64  2]
 [ 0  0  4 16]
 [ 0  2  0  2]]

*********************
AFTER: 
[[ 0  0  2  4]
 [ 0 16  2  2]
 [ 0  4 64 16]
 [ 2  2  4  2]]

TIME TAKEN FOR STEP: 1.1945379534

*********************

BRANCHES: 46
AI SELECT ACTION: d
*********************
BEFORE: 
[[ 0  0  2  4]
 [ 0 16  2  2]
 [ 0  4 64 16]
 [ 2  2  4  2]]

*********************
AFTER: 
[[ 2  0  0  4]
 [ 0 16  4  2]
 [ 0  4 64 16]
 [ 2  2  4  2]]

TIME TAKEN FOR STEP: 1.30328268772

*********************

BRANCHES: 42
AI SELECT ACTION: d
*********************
BEFORE: 
[[ 2  0  0  4]
 [ 0 16  4  2]
 [ 0  4 64 16]
 [ 2  2  4  2]]

*********************
AFTER: 
[[ 0  0  2  4]
 [ 0 16  4  2]
 [ 0  4 64 16]
 [ 4  2  4  2]]

TIME TAKEN FOR STEP: 1.1230929869

*********************

BRANCHES: 16
AI SELECT ACTION: u
*********************
BEFORE: 
[[ 0  0  2  4]
 [ 0 16  4  2]
 [ 0  4 64 16]
 [ 4  2  4  2]]

*********************
AFTER: 
[[ 4 16  2  4]
 [ 2  4  4  2]
 [ 0  2 64 16]
 [ 0  0  4  2]]

TIME TAKEN FOR STEP: 0.313711926405

*********************

BRANCHES: 22
AI SELECT ACTION: l
*********************
BEFORE: 
[[ 4 16  2  4]
 [ 2  4  4  2]
 [ 0  2 64 16]
 [ 0  0  4  2]]

*********************
AFTER: 
[[ 4 16  2  4]
 [ 2  8  2  0]
 [ 2 64 16  0]
 [ 4  2  4  0]]

TIME TAKEN FOR STEP: 0.633826225709

*********************

BRANCHES: 30
AI SELECT ACTION: u
*********************
BEFORE: 
[[ 4 16  2  4]
 [ 2  8  2  0]
 [ 2 64 16  0]
 [ 4  2  4  0]]

*********************
AFTER: 
[[ 4 16  4  4]
 [ 8  8 16  0]
 [ 0 64  4  0]
 [ 0  2  2  0]]

TIME TAKEN FOR STEP: 1.11098434014

*********************

BRANCHES: 44
AI SELECT ACTION: d
*********************
BEFORE: 
[[ 4 16  4  4]
 [ 8  8 16  0]
 [ 0 64  4  0]
 [ 0  2  2  0]]

*********************
AFTER: 
[[ 0 16  4  0]
 [ 2  8 16  0]
 [ 4 64  4  0]
 [ 8  2  2  4]]

TIME TAKEN FOR STEP: 1.22935199184

*********************

BRANCHES: 30
AI SELECT ACTION: u
*********************
BEFORE: 
[[ 0 16  4  0]
 [ 2  8 16  0]
 [ 4 64  4  0]
 [ 8  2  2  4]]

*********************
AFTER: 
[[ 2 16  4  4]
 [ 4  8 16  0]
 [ 8 64  4  0]
 [ 0  2  2  2]]

TIME TAKEN FOR STEP: 0.728103793819

*********************

BRANCHES: 32
AI SELECT ACTION: r
*********************
BEFORE: 
[[ 2 16  4  4]
 [ 4  8 16  0]
 [ 8 64  4  0]
 [ 0  2  2  2]]

*********************
AFTER: 
[[ 0  2 16  8]
 [ 0  4  8 16]
 [ 2  8 64  4]
 [ 0  0  2  4]]

TIME TAKEN FOR STEP: 0.865151156603

*********************

BRANCHES: 28
AI SELECT ACTION: d
*********************
BEFORE: 
[[ 0  2 16  8]
 [ 0  4  8 16]
 [ 2  8 64  4]
 [ 0  0  2  4]]

*********************
AFTER: 
[[ 0  0 16  0]
 [ 2  2  8  8]
 [ 0  4 64 16]
 [ 2  8  2  8]]

TIME TAKEN FOR STEP: 0.689948321955

*********************

BRANCHES: 44
AI SELECT ACTION: r
*********************
BEFORE: 
[[ 0  0 16  0]
 [ 2  2  8  8]
 [ 0  4 64 16]
 [ 2  8  2  8]]

*********************
AFTER: 
[[ 0  0  0 16]
 [ 0  0  4 16]
 [ 4  4 64 16]
 [ 2  8  2  8]]

TIME TAKEN FOR STEP: 1.19804768318

*********************

BRANCHES: 48
AI SELECT ACTION: d
*********************
BEFORE: 
[[ 0  0  0 16]
 [ 0  0  4 16]
 [ 4  4 64 16]
 [ 2  8  2  8]]

*********************
AFTER: 
[[ 0  2  0  0]
 [ 0  0  4 16]
 [ 4  4 64 32]
 [ 2  8  2  8]]

TIME TAKEN FOR STEP: 1.2674640069

*********************

BRANCHES: 44
AI SELECT ACTION: l
*********************
BEFORE: 
[[ 0  2  0  0]
 [ 0  0  4 16]
 [ 4  4 64 32]
 [ 2  8  2  8]]

*********************
AFTER: 
[[ 2  0  0  0]
 [ 4 16  0  0]
 [ 8 64 32  2]
 [ 2  8  2  8]]

TIME TAKEN FOR STEP: 1.04198243634

*********************

BRANCHES: 20
AI SELECT ACTION: r
*********************
BEFORE: 
[[ 2  0  0  0]
 [ 4 16  0  0]
 [ 8 64 32  2]
 [ 2  8  2  8]]

*********************
AFTER: 
[[ 0  2  0  2]
 [ 0  0  4 16]
 [ 8 64 32  2]
 [ 2  8  2  8]]

TIME TAKEN FOR STEP: 0.531292654338

*********************

BRANCHES: 36
AI SELECT ACTION: r
*********************
BEFORE: 
[[ 0  2  0  2]
 [ 0  0  4 16]
 [ 8 64 32  2]
 [ 2  8  2  8]]

*********************
AFTER: 
[[ 0  0  0  4]
 [ 0  2  4 16]
 [ 8 64 32  2]
 [ 2  8  2  8]]

TIME TAKEN FOR STEP: 1.14397674824

*********************

BRANCHES: 16
AI SELECT ACTION: l
*********************
BEFORE: 
[[ 0  0  0  4]
 [ 0  2  4 16]
 [ 8 64 32  2]
 [ 2  8  2  8]]

*********************
AFTER: 
[[ 4  4  0  0]
 [ 2  4 16  0]
 [ 8 64 32  2]
 [ 2  8  2  8]]

TIME TAKEN FOR STEP: 0.359824339684

*********************

BRANCHES: 32
AI SELECT ACTION: l
*********************
BEFORE: 
[[ 4  4  0  0]
 [ 2  4 16  0]
 [ 8 64 32  2]
 [ 2  8  2  8]]

*********************
AFTER: 
[[ 8  0  0  0]
 [ 2  4 16  2]
 [ 8 64 32  2]
 [ 2  8  2  8]]

TIME TAKEN FOR STEP: 0.698964424282

*********************

BRANCHES: 22
AI SELECT ACTION: u
*********************
BEFORE: 
[[ 8  0  0  0]
 [ 2  4 16  2]
 [ 8 64 32  2]
 [ 2  8  2  8]]

*********************
AFTER: 
[[ 8  4 16  4]
 [ 2 64 32  8]
 [ 8  8  2  0]
 [ 2  2  0  0]]

TIME TAKEN FOR STEP: 0.493162466435

*********************

BRANCHES: 26
AI SELECT ACTION: r
*********************
BEFORE: 
[[ 8  4 16  4]
 [ 2 64 32  8]
 [ 8  8  2  0]
 [ 2  2  0  0]]

*********************
AFTER: 
[[ 8  4 16  4]
 [ 2 64 32  8]
 [ 0  2 16  2]
 [ 0  0  0  4]]

TIME TAKEN FOR STEP: 0.697162942089

*********************

BRANCHES: 16
AI SELECT ACTION: l
*********************
BEFORE: 
[[ 8  4 16  4]
 [ 2 64 32  8]
 [ 0  2 16  2]
 [ 0  0  0  4]]

*********************
AFTER: 
[[ 8  4 16  4]
 [ 2 64 32  8]
 [ 2 16  2  0]
 [ 4  0  2  0]]

TIME TAKEN FOR STEP: 0.339253862421

*********************

BRANCHES: 34
AI SELECT ACTION: u
*********************
BEFORE: 
[[ 8  4 16  4]
 [ 2 64 32  8]
 [ 2 16  2  0]
 [ 4  0  2  0]]

*********************
AFTER: 
[[ 8  4 16  4]
 [ 8 64 32  8]
 [ 0 16  4  0]
 [ 0  0  2  0]]

TIME TAKEN FOR STEP: 0.758467460135

*********************

BRANCHES: 44
AI SELECT ACTION: l
*********************
BEFORE: 
[[ 8  4 16  4]
 [ 8 64 32  8]
 [ 0 16  4  0]
 [ 0  0  2  0]]

*********************
AFTER: 
[[ 8  4 16  4]
 [ 8 64 32  8]
 [16  4  0  0]
 [ 2  0  2  0]]

TIME TAKEN FOR STEP: 1.0172408957

*********************

BRANCHES: 42
AI SELECT ACTION: u
*********************
BEFORE: 
[[ 8  4 16  4]
 [ 8 64 32  8]
 [16  4  0  0]
 [ 2  0  2  0]]

*********************
AFTER: 
[[32  4 16  4]
 [ 2 64 32  8]
 [ 0  4  2  2]
 [ 0  0  0  0]]

TIME TAKEN FOR STEP: 0.941005803854

*********************

BRANCHES: 36
AI SELECT ACTION: r
*********************
BEFORE: 
[[32  4 16  4]
 [ 2 64 32  8]
 [ 0  4  2  2]
 [ 0  0  0  0]]

*********************
AFTER: 
[[32  4 16  4]
 [ 2 64 32  8]
 [ 0  0  0  8]
 [ 2  0  0  0]]

TIME TAKEN FOR STEP: 0.804264218969

*********************

BRANCHES: 56
AI SELECT ACTION: l
*********************
BEFORE: 
[[32  4 16  4]
 [ 2 64 32  8]
 [ 0  0  0  8]
 [ 2  0  0  0]]

*********************
AFTER: 
[[32  4 16  4]
 [ 2 64 32  8]
 [ 8  0  0  0]
 [ 2  2  0  0]]

TIME TAKEN FOR STEP: 1.34314127136

*********************

BRANCHES: 44
AI SELECT ACTION: d
*********************
BEFORE: 
[[32  4 16  4]
 [ 2 64 32  8]
 [ 8  0  0  0]
 [ 2  2  0  0]]

*********************
AFTER: 
[[32  2  0  0]
 [ 2  4  0  0]
 [ 8 64 16  4]
 [ 2  2 32  8]]

TIME TAKEN FOR STEP: 0.956890452105

*********************

BRANCHES: 28
AI SELECT ACTION: l
*********************
BEFORE: 
[[32  2  0  0]
 [ 2  4  0  0]
 [ 8 64 16  4]
 [ 2  2 32  8]]

*********************
AFTER: 
[[32  2  0  0]
 [ 2  4  0  2]
 [ 8 64 16  4]
 [ 4 32  8  0]]

TIME TAKEN FOR STEP: 0.674457550403

*********************

BRANCHES: 32
AI SELECT ACTION: r
*********************
BEFORE: 
[[32  2  0  0]
 [ 2  4  0  2]
 [ 8 64 16  4]
 [ 4 32  8  0]]

*********************
AFTER: 
[[ 0  0 32  2]
 [ 2  2  4  2]
 [ 8 64 16  4]
 [ 0  4 32  8]]

TIME TAKEN FOR STEP: 0.937737456884

*********************

BRANCHES: 38
AI SELECT ACTION: d
*********************
BEFORE: 
[[ 0  0 32  2]
 [ 2  2  4  2]
 [ 8 64 16  4]
 [ 0  4 32  8]]

*********************
AFTER: 
[[ 0  0 32  2]
 [ 0  2  4  4]
 [ 2 64 16  4]
 [ 8  4 32  8]]

TIME TAKEN FOR STEP: 0.78827527438

*********************

BRANCHES: 34
AI SELECT ACTION: l
*********************
BEFORE: 
[[ 0  0 32  2]
 [ 0  2  4  4]
 [ 2 64 16  4]
 [ 8  4 32  8]]

*********************
AFTER: 
[[32  2  0  0]
 [ 2  8  2  0]
 [ 2 64 16  4]
 [ 8  4 32  8]]

TIME TAKEN FOR STEP: 0.942750002074

*********************

BRANCHES: 22
AI SELECT ACTION: u
*********************
BEFORE: 
[[32  2  0  0]
 [ 2  8  2  0]
 [ 2 64 16  4]
 [ 8  4 32  8]]

*********************
AFTER: 
[[32  2  2  4]
 [ 4  8 16  8]
 [ 8 64 32  0]
 [ 2  4  0  0]]

TIME TAKEN FOR STEP: 0.378426618638

*********************

BRANCHES: 24
AI SELECT ACTION: l
*********************
BEFORE: 
[[32  2  2  4]
 [ 4  8 16  8]
 [ 8 64 32  0]
 [ 2  4  0  0]]

*********************
AFTER: 
[[32  8  0  0]
 [ 4  8 16  8]
 [ 8 64 32  0]
 [ 2  4  2  0]]

TIME TAKEN FOR STEP: 1.0108685475

*********************

BRANCHES: 28
AI SELECT ACTION: d
*********************
BEFORE: 
[[32  8  0  0]
 [ 4  8 16  8]
 [ 8 64 32  0]
 [ 2  4  2  0]]

*********************
AFTER: 
[[32  2  0  0]
 [ 4 16 16  0]
 [ 8 64 32  0]
 [ 2  4  2  8]]

TIME TAKEN FOR STEP: 0.953716524925

*********************

BRANCHES: 28
AI SELECT ACTION: r
*********************
BEFORE: 
[[32  2  0  0]
 [ 4 16 16  0]
 [ 8 64 32  0]
 [ 2  4  2  8]]

*********************
AFTER: 
[[ 0  0 32  2]
 [ 2  0  4 32]
 [ 0  8 64 32]
 [ 2  4  2  8]]

TIME TAKEN FOR STEP: 0.650332701366

*********************

BRANCHES: 40
AI SELECT ACTION: u
*********************
BEFORE: 
[[ 0  0 32  2]
 [ 2  0  4 32]
 [ 0  8 64 32]
 [ 2  4  2  8]]

*********************
AFTER: 
[[ 4  8 32  2]
 [ 0  4  4 64]
 [ 4  0 64  8]
 [ 0  0  2  0]]

TIME TAKEN FOR STEP: 1.15322791239

*********************

BRANCHES: 48
AI SELECT ACTION: l
*********************
BEFORE: 
[[ 4  8 32  2]
 [ 0  4  4 64]
 [ 4  0 64  8]
 [ 0  0  2  0]]

*********************
AFTER: 
[[ 4  8 32  2]
 [ 8 64  0  0]
 [ 4 64  8  0]
 [ 2  2  0  0]]

TIME TAKEN FOR STEP: 1.16019680403

*********************

BRANCHES: 48
AI SELECT ACTION: r
*********************
BEFORE: 
[[ 4  8 32  2]
 [ 8 64  0  0]
 [ 4 64  8  0]
 [ 2  2  0  0]]

*********************
AFTER: 
[[ 4  8 32  2]
 [ 2  0  8 64]
 [ 0  4 64  8]
 [ 0  0  0  4]]

TIME TAKEN FOR STEP: 1.05687271383

*********************

BRANCHES: 40
AI SELECT ACTION: r
*********************
BEFORE: 
[[ 4  8 32  2]
 [ 2  0  8 64]
 [ 0  4 64  8]
 [ 0  0  0  4]]

*********************
AFTER: 
[[ 4  8 32  2]
 [ 0  2  8 64]
 [ 0  4 64  8]
 [ 2  0  0  4]]

TIME TAKEN FOR STEP: 0.944786151027

*********************

BRANCHES: 32
AI SELECT ACTION: l
*********************
BEFORE: 
[[ 4  8 32  2]
 [ 0  2  8 64]
 [ 0  4 64  8]
 [ 2  0  0  4]]

*********************
AFTER: 
[[ 4  8 32  2]
 [ 2  8 64  0]
 [ 4 64  8  0]
 [ 2  4  0  2]]

TIME TAKEN FOR STEP: 0.70107089425

*********************

BRANCHES: 32
AI SELECT ACTION: u
*********************
BEFORE: 
[[ 4  8 32  2]
 [ 2  8 64  0]
 [ 4 64  8  0]
 [ 2  4  0  2]]

*********************
AFTER: 
[[ 4 16 32  4]
 [ 2 64 64  0]
 [ 4  4  8  0]
 [ 2  2  0  0]]

TIME TAKEN FOR STEP: 0.737540637053

*********************

BRANCHES: 38
AI SELECT ACTION: r
*********************
BEFORE: 
[[ 4 16 32  4]
 [ 2 64 64  0]
 [ 4  4  8  0]
 [ 2  2  0  0]]

*********************
AFTER: 
[[  4  16  32   4]
 [  0   0   2 128]
 [  0   0   8   8]
 [  0   2   0   4]]

TIME TAKEN FOR STEP: 0.971085815738

*********************

BRANCHES: 52
AI SELECT ACTION: l
*********************
BEFORE: 
[[  4  16  32   4]
 [  0   0   2 128]
 [  0   0   8   8]
 [  0   2   0   4]]

*********************
AFTER: 
[[  4  16  32   4]
 [  2 128   0   0]
 [ 16   0   2   0]
 [  2   4   0   0]]

TIME TAKEN FOR STEP: 1.14585131688

*********************

BRANCHES: 48
AI SELECT ACTION: d
*********************
BEFORE: 
[[  4  16  32   4]
 [  2 128   0   0]
 [ 16   0   2   0]
 [  2   4   0   0]]

*********************
AFTER: 
[[  4   0   0   0]
 [  2  16   0   0]
 [ 16 128  32   2]
 [  2   4   2   4]]

TIME TAKEN FOR STEP: 1.18070565164

*********************

BRANCHES: 20
AI SELECT ACTION: r
*********************
BEFORE: 
[[  4   0   0   0]
 [  2  16   0   0]
 [ 16 128  32   2]
 [  2   4   2   4]]

*********************
AFTER: 
[[  0   2   0   4]
 [  0   0   2  16]
 [ 16 128  32   2]
 [  2   4   2   4]]

TIME TAKEN FOR STEP: 0.402154430481

*********************

BRANCHES: 32
AI SELECT ACTION: d
*********************
BEFORE: 
[[  0   2   0   4]
 [  0   0   2  16]
 [ 16 128  32   2]
 [  2   4   2   4]]

*********************
AFTER: 
[[  0   0   0   4]
 [  4   2   2  16]
 [ 16 128  32   2]
 [  2   4   2   4]]

TIME TAKEN FOR STEP: 0.595586210602

*********************

BRANCHES: 24
AI SELECT ACTION: l
*********************
BEFORE: 
[[  0   0   0   4]
 [  4   2   2  16]
 [ 16 128  32   2]
 [  2   4   2   4]]

*********************
AFTER: 
[[  4   0   2   0]
 [  4   4  16   0]
 [ 16 128  32   2]
 [  2   4   2   4]]

TIME TAKEN FOR STEP: 0.483430511973

*********************

BRANCHES: 32
AI SELECT ACTION: u
*********************
BEFORE: 
[[  4   0   2   0]
 [  4   4  16   0]
 [ 16 128  32   2]
 [  2   4   2   4]]

*********************
AFTER: 
[[  8   4   2   2]
 [ 16 128  16   4]
 [  2   4  32   0]
 [  0   2   2   0]]

TIME TAKEN FOR STEP: 0.599479150411

*********************

BRANCHES: 30
AI SELECT ACTION: d
*********************
BEFORE: 
[[  8   4   2   2]
 [ 16 128  16   4]
 [  2   4  32   0]
 [  0   2   2   0]]

*********************
AFTER: 
[[  2   4   2   0]
 [  8 128  16   0]
 [ 16   4  32   2]
 [  2   2   2   4]]

TIME TAKEN FOR STEP: 0.651517096896

*********************

BRANCHES: 16
AI SELECT ACTION: r
*********************
BEFORE: 
[[  2   4   2   0]
 [  8 128  16   0]
 [ 16   4  32   2]
 [  2   2   2   4]]

*********************
AFTER: 
[[  0   2   4   2]
 [  0   8 128  16]
 [ 16   4  32   2]
 [  2   2   4   4]]

TIME TAKEN FOR STEP: 0.295703030401

*********************

BRANCHES: 20
AI SELECT ACTION: l
*********************
BEFORE: 
[[  0   2   4   2]
 [  0   8 128  16]
 [ 16   4  32   2]
 [  2   2   4   4]]

*********************
AFTER: 
[[  2   4   2   0]
 [  8 128  16   2]
 [ 16   4  32   2]
 [  8   4   0   0]]

TIME TAKEN FOR STEP: 0.337534158038

*********************

BRANCHES: 26
AI SELECT ACTION: u
*********************
BEFORE: 
[[  2   4   2   0]
 [  8 128  16   2]
 [ 16   4  32   2]
 [  8   4   0   0]]

*********************
AFTER: 
[[  2   4   2   4]
 [  8 128  16   0]
 [ 16   8  32   0]
 [  8   0   0   2]]

TIME TAKEN FOR STEP: 0.712731540832

*********************

BRANCHES: 32
AI SELECT ACTION: d
*********************
BEFORE: 
[[  2   4   2   4]
 [  8 128  16   0]
 [ 16   8  32   0]
 [  8   0   0   2]]

*********************
AFTER: 
[[  2   0   2   0]
 [  8   4   2   0]
 [ 16 128  16   4]
 [  8   8  32   2]]

TIME TAKEN FOR STEP: 0.670004412841

*********************

BRANCHES: 36
AI SELECT ACTION: r
*********************
BEFORE: 
[[  2   0   2   0]
 [  8   4   2   0]
 [ 16 128  16   4]
 [  8   8  32   2]]

*********************
AFTER: 
[[  0   0   0   4]
 [  2   8   4   2]
 [ 16 128  16   4]
 [  0  16  32   2]]

TIME TAKEN FOR STEP: 0.911171915525

*********************

BRANCHES: 24
AI SELECT ACTION: u
*********************
BEFORE: 
[[  0   0   0   4]
 [  2   8   4   2]
 [ 16 128  16   4]
 [  0  16  32   2]]

*********************
AFTER: 
[[  2   8   4   4]
 [ 16 128  16   2]
 [  0  16  32   4]
 [  2   0   0   2]]

TIME TAKEN FOR STEP: 0.717898555219

*********************

BRANCHES: 34
AI SELECT ACTION: l
*********************
BEFORE: 
[[  2   8   4   4]
 [ 16 128  16   2]
 [  0  16  32   4]
 [  2   0   0   2]]

*********************
AFTER: 
[[  2   8   8   0]
 [ 16 128  16   2]
 [ 16  32   4   0]
 [  4   2   0   0]]

TIME TAKEN FOR STEP: 1.10333791737

*********************

BRANCHES: 40
AI SELECT ACTION: r
*********************
BEFORE: 
[[  2   8   8   0]
 [ 16 128  16   2]
 [ 16  32   4   0]
 [  4   2   0   0]]

*********************
AFTER: 
[[  4   0   2  16]
 [ 16 128  16   2]
 [  0  16  32   4]
 [  0   0   4   2]]

TIME TAKEN FOR STEP: 0.752776988751

*********************

BRANCHES: 32
AI SELECT ACTION: l
*********************
BEFORE: 
[[  4   0   2  16]
 [ 16 128  16   2]
 [  0  16  32   4]
 [  0   0   4   2]]

*********************
AFTER: 
[[  4   2  16   0]
 [ 16 128  16   2]
 [ 16  32   4   0]
 [  4   2   2   0]]

TIME TAKEN FOR STEP: 0.558705998501

*********************

BRANCHES: 38
AI SELECT ACTION: u
*********************
BEFORE: 
[[  4   2  16   0]
 [ 16 128  16   2]
 [ 16  32   4   0]
 [  4   2   2   0]]

*********************
AFTER: 
[[  4   2  32   2]
 [ 32 128   4   0]
 [  4  32   2   0]
 [  2   2   0   0]]

TIME TAKEN FOR STEP: 0.70590724184

*********************

BRANCHES: 28
AI SELECT ACTION: d
*********************
BEFORE: 
[[  4   2  32   2]
 [ 32 128   4   0]
 [  4  32   2   0]
 [  2   2   0   0]]

*********************
AFTER: 
[[  4   2   0   2]
 [ 32 128  32   0]
 [  4  32   4   0]
 [  2   2   2   2]]

TIME TAKEN FOR STEP: 0.505248989728

*********************

BRANCHES: 42
AI SELECT ACTION: r
*********************
BEFORE: 
[[  4   2   0   2]
 [ 32 128  32   0]
 [  4  32   4   0]
 [  2   2   2   2]]

*********************
AFTER: 
[[  0   0   0   8]
 [  0  32 128  32]
 [  0   4  32   4]
 [  4   0   4   4]]

TIME TAKEN FOR STEP: 0.768508352991

*********************

BRANCHES: 56
AI SELECT ACTION: r
*********************
BEFORE: 
[[  0   0   0   8]
 [  0  32 128  32]
 [  0   4  32   4]
 [  4   0   4   4]]

*********************
AFTER: 
[[  0   0   0   8]
 [  0  32 128  32]
 [  0   4  32   4]
 [  0   2   4   8]]

TIME TAKEN FOR STEP: 1.14067758644

*********************

BRANCHES: 24
AI SELECT ACTION: l
*********************
BEFORE: 
[[  0   0   0   8]
 [  0  32 128  32]
 [  0   4  32   4]
 [  0   2   4   8]]

*********************
AFTER: 
[[  8   0   0   0]
 [ 32 128  32   2]
 [  4  32   4   0]
 [  2   4   8   0]]

TIME TAKEN FOR STEP: 0.702216968777

*********************

BRANCHES: 30
AI SELECT ACTION: r
*********************
BEFORE: 
[[  8   0   0   0]
 [ 32 128  32   2]
 [  4  32   4   0]
 [  2   4   8   0]]

*********************
AFTER: 
[[  0   0   2   8]
 [ 32 128  32   2]
 [  0   4  32   4]
 [  0   2   4   8]]

TIME TAKEN FOR STEP: 0.527528109641

*********************

BRANCHES: 28
AI SELECT ACTION: d
*********************
BEFORE: 
[[  0   0   2   8]
 [ 32 128  32   2]
 [  0   4  32   4]
 [  0   2   4   8]]

*********************
AFTER: 
[[  0   2   0   8]
 [  0 128   2   2]
 [  0   4  64   4]
 [ 32   2   4   8]]

TIME TAKEN FOR STEP: 0.436931728171

*********************

BRANCHES: 28
AI SELECT ACTION: l
*********************
BEFORE: 
[[  0   2   0   8]
 [  0 128   2   2]
 [  0   4  64   4]
 [ 32   2   4   8]]

*********************
AFTER: 
[[  2   8   0   0]
 [128   4   4   0]
 [  4  64   4   0]
 [ 32   2   4   8]]

TIME TAKEN FOR STEP: 0.415730337079

*********************

BRANCHES: 40
AI SELECT ACTION: u
*********************
BEFORE: 
[[  2   8   0   0]
 [128   4   4   0]
 [  4  64   4   0]
 [ 32   2   4   8]]

*********************
AFTER: 
[[  2   8   8   8]
 [128   4   4   0]
 [  4  64   0   0]
 [ 32   2   0   2]]

TIME TAKEN FOR STEP: 0.603498905086

*********************

BRANCHES: 44
AI SELECT ACTION: d
*********************
BEFORE: 
[[  2   8   8   8]
 [128   4   4   0]
 [  4  64   0   0]
 [ 32   2   0   2]]

*********************
AFTER: 
[[  2   8   0   2]
 [128   4   0   0]
 [  4  64   8   8]
 [ 32   2   4   2]]

TIME TAKEN FOR STEP: 0.980692930644

*********************

BRANCHES: 28
AI SELECT ACTION: l
*********************
BEFORE: 
[[  2   8   0   2]
 [128   4   0   0]
 [  4  64   8   8]
 [ 32   2   4   2]]

*********************
AFTER: 
[[  2   8   2   2]
 [128   4   0   0]
 [  4  64  16   0]
 [ 32   2   4   2]]

TIME TAKEN FOR STEP: 0.360712833862

*********************

BRANCHES: 32
AI SELECT ACTION: d
*********************
BEFORE: 
[[  2   8   2   2]
 [128   4   0   0]
 [  4  64  16   0]
 [ 32   2   4   2]]

*********************
AFTER: 
[[  2   8   0   0]
 [128   4   2   2]
 [  4  64  16   0]
 [ 32   2   4   4]]

TIME TAKEN FOR STEP: 0.354673522834

*********************

BRANCHES: 34
AI SELECT ACTION: l
*********************
BEFORE: 
[[  2   8   0   0]
 [128   4   2   2]
 [  4  64  16   0]
 [ 32   2   4   4]]

*********************
AFTER: 
[[  2   8   0   0]
 [128   4   4   0]
 [  4  64  16   2]
 [ 32   2   8   0]]

TIME TAKEN FOR STEP: 0.709639786524

*********************

BRANCHES: 36
AI SELECT ACTION: u
*********************
BEFORE: 
[[  2   8   0   0]
 [128   4   4   0]
 [  4  64  16   2]
 [ 32   2   8   0]]

*********************
AFTER: 
[[  2   8   4   2]
 [128   4  16   0]
 [  4  64   8   0]
 [ 32   2   2   0]]

TIME TAKEN FOR STEP: 0.490103107201

*********************

BRANCHES: 22
AI SELECT ACTION: r
*********************
BEFORE: 
[[  2   8   4   2]
 [128   4  16   0]
 [  4  64   8   0]
 [ 32   2   2   0]]

*********************
AFTER: 
[[  2   8   4   2]
 [  0 128   4  16]
 [  2   4  64   8]
 [  0   0  32   4]]

TIME TAKEN FOR STEP: 0.462334207342

*********************

BRANCHES: 26
AI SELECT ACTION: d
*********************
BEFORE: 
[[  2   8   4   2]
 [  0 128   4  16]
 [  2   4  64   8]
 [  0   0  32   4]]

*********************
AFTER: 
[[  0   0   2   2]
 [  0   8   8  16]
 [  0 128  64   8]
 [  4   4  32   4]]

TIME TAKEN FOR STEP: 0.521233193574

*********************

BRANCHES: 38
AI SELECT ACTION: l
*********************
BEFORE: 
[[  0   0   2   2]
 [  0   8   8  16]
 [  0 128  64   8]
 [  4   4  32   4]]

*********************
AFTER: 
[[  4   0   2   0]
 [ 32   0   0   0]
 [128  64   8   0]
 [  8  32   4   0]]

TIME TAKEN FOR STEP: 0.921273647911

*********************

BRANCHES: 56
AI SELECT ACTION: l
*********************
BEFORE: 
[[  4   0   2   0]
 [ 32   0   0   0]
 [128  64   8   0]
 [  8  32   4   0]]

*********************
AFTER: 
[[  4   2   0   2]
 [ 32   0   0   0]
 [128  64   8   0]
 [  8  32   4   0]]

TIME TAKEN FOR STEP: 1.16505053434

*********************

BRANCHES: 54
AI SELECT ACTION: d
*********************
BEFORE: 
[[  4   2   0   2]
 [ 32   0   0   0]
 [128  64   8   0]
 [  8  32   4   0]]

*********************
AFTER: 
[[  4   2   0   0]
 [ 32   2   0   0]
 [128  64   8   0]
 [  8  32   4   2]]

TIME TAKEN FOR STEP: 0.959917416264

*********************

BRANCHES: 34
AI SELECT ACTION: d
*********************
BEFORE: 
[[  4   2   0   0]
 [ 32   2   0   0]
 [128  64   8   0]
 [  8  32   4   2]]

*********************
AFTER: 
[[  4   0   0   0]
 [ 32   4   0   0]
 [128  64   8   4]
 [  8  32   4   2]]

TIME TAKEN FOR STEP: 0.52082983539

*********************

BRANCHES: 20
AI SELECT ACTION: r
*********************
BEFORE: 
[[  4   0   0   0]
 [ 32   4   0   0]
 [128  64   8   4]
 [  8  32   4   2]]

*********************
AFTER: 
[[  0   2   0   4]
 [  0   0  32   4]
 [128  64   8   4]
 [  8  32   4   2]]

TIME TAKEN FOR STEP: 0.314587778603

*********************

BRANCHES: 36
AI SELECT ACTION: r
*********************
BEFORE: 
[[  0   2   0   4]
 [  0   0  32   4]
 [128  64   8   4]
 [  8  32   4   2]]

*********************
AFTER: 
[[  0   2   2   4]
 [  0   0  32   4]
 [128  64   8   4]
 [  8  32   4   2]]

TIME TAKEN FOR STEP: 0.520512995758

*********************

BRANCHES: 34
AI SELECT ACTION: u
*********************
BEFORE: 
[[  0   2   2   4]
 [  0   0  32   4]
 [128  64   8   4]
 [  8  32   4   2]]

*********************
AFTER: 
[[128   2   2   8]
 [  8  64  32   4]
 [  0  32   8   2]
 [  0   0   4   2]]

TIME TAKEN FOR STEP: 0.386851313324

*********************

BRANCHES: 36
AI SELECT ACTION: r
*********************
BEFORE: 
[[128   2   2   8]
 [  8  64  32   4]
 [  0  32   8   2]
 [  0   0   4   2]]

*********************
AFTER: 
[[  0 128   4   8]
 [  8  64  32   4]
 [  2  32   8   2]
 [  0   0   4   2]]

TIME TAKEN FOR STEP: 0.570218101815

*********************

BRANCHES: 26
AI SELECT ACTION: u
*********************
BEFORE: 
[[  0 128   4   8]
 [  8  64  32   4]
 [  2  32   8   2]
 [  0   0   4   2]]

*********************
AFTER: 
[[  8 128   4   8]
 [  2  64  32   4]
 [  0  32   8   4]
 [  2   0   4   0]]

TIME TAKEN FOR STEP: 0.248564246346

*********************

BRANCHES: 34
AI SELECT ACTION: u
*********************
BEFORE: 
[[  8 128   4   8]
 [  2  64  32   4]
 [  0  32   8   4]
 [  2   0   4   0]]

*********************
AFTER: 
[[  8 128   4   8]
 [  4  64  32   8]
 [  0  32   8   4]
 [  0   0   4   0]]

TIME TAKEN FOR STEP: 0.516222623693

*********************

BRANCHES: 36
AI SELECT ACTION: d
*********************
BEFORE: 
[[  8 128   4   8]
 [  4  64  32   8]
 [  0  32   8   4]
 [  0   0   4   0]]

*********************
AFTER: 
[[  0   0   4   0]
 [  2 128  32   0]
 [  8  64   8  16]
 [  4  32   4   4]]

TIME TAKEN FOR STEP: 0.559081307291

*********************

BRANCHES: 28
AI SELECT ACTION: l
*********************
BEFORE: 
[[  0   0   4   0]
 [  2 128  32   0]
 [  8  64   8  16]
 [  4  32   4   4]]

*********************
AFTER: 
[[  4   0   0   0]
 [  2 128  32   0]
 [  8  64   8  16]
 [  4  32   8   2]]

TIME TAKEN FOR STEP: 0.461398305738

*********************

BRANCHES: 28
AI SELECT ACTION: r
*********************
BEFORE: 
[[  4   0   0   0]
 [  2 128  32   0]
 [  8  64   8  16]
 [  4  32   8   2]]

*********************
AFTER: 
[[  0   2   0   4]
 [  0   2 128  32]
 [  8  64   8  16]
 [  4  32   8   2]]

TIME TAKEN FOR STEP: 0.435108912636

*********************

BRANCHES: 32
AI SELECT ACTION: u
*********************
BEFORE: 
[[  0   2   0   4]
 [  0   2 128  32]
 [  8  64   8  16]
 [  4  32   8   2]]

*********************
AFTER: 
[[  8   4 128   4]
 [  4  64  16  32]
 [  0  32   0  16]
 [  0   0   4   2]]

TIME TAKEN FOR STEP: 0.478173423476

*********************

BRANCHES: 32
AI SELECT ACTION: r
*********************
BEFORE: 
[[  8   4 128   4]
 [  4  64  16  32]
 [  0  32   0  16]
 [  0   0   4   2]]

*********************
AFTER: 
[[  8   4 128   4]
 [  4  64  16  32]
 [  0   2  32  16]
 [  0   0   4   2]]

TIME TAKEN FOR STEP: 0.634918176758

*********************

BRANCHES: 12
AI SELECT ACTION: d
*********************
BEFORE: 
[[  8   4 128   4]
 [  4  64  16  32]
 [  0   2  32  16]
 [  0   0   4   2]]

*********************
AFTER: 
[[  0   2 128   4]
 [  0   4  16  32]
 [  8  64  32  16]
 [  4   2   4   2]]

TIME TAKEN FOR STEP: 0.141620599159

*********************

BRANCHES: 8
AI SELECT ACTION: l
*********************
BEFORE: 
[[  0   2 128   4]
 [  0   4  16  32]
 [  8  64  32  16]
 [  4   2   4   2]]

*********************
AFTER: 
[[  2 128   4   2]
 [  4  16  32   0]
 [  8  64  32  16]
 [  4   2   4   2]]

TIME TAKEN FOR STEP: 0.124489925724

*********************

BRANCHES: 10
AI SELECT ACTION: r
*********************
BEFORE: 
[[  2 128   4   2]
 [  4  16  32   0]
 [  8  64  32  16]
 [  4   2   4   2]]

*********************
AFTER: 
[[  2 128   4   2]
 [  2   4  16  32]
 [  8  64  32  16]
 [  4   2   4   2]]

TIME TAKEN FOR STEP: 0.14696460127

*********************

BRANCHES: 4
AI SELECT ACTION: d
*********************
BEFORE: 
[[  2 128   4   2]
 [  2   4  16  32]
 [  8  64  32  16]
 [  4   2   4   2]]

*********************
AFTER: 
[[  2 128   4   2]
 [  4   4  16  32]
 [  8  64  32  16]
 [  4   2   4   2]]

TIME TAKEN FOR STEP: 0.0264102820386

*********************

BRANCHES: 4
AI SELECT ACTION: l
*********************
BEFORE: 
[[  2 128   4   2]
 [  4   4  16  32]
 [  8  64  32  16]
 [  4   2   4   2]]

*********************
AFTER: 
[[  2 128   4   2]
 [  8  16  32   2]
 [  8  64  32  16]
 [  4   2   4   2]]

TIME TAKEN FOR STEP: 0.0316918643721

*********************

BRANCHES: 12
AI SELECT ACTION: u
*********************
BEFORE: 
[[  2 128   4   2]
 [  8  16  32   2]
 [  8  64  32  16]
 [  4   2   4   2]]

*********************
AFTER: 
[[  2 128   4   4]
 [ 16  16  64  16]
 [  4  64   4   2]
 [  0   2   2   0]]

TIME TAKEN FOR STEP: 0.227703003537

*********************

BRANCHES: 24
AI SELECT ACTION: l
*********************
BEFORE: 
[[  2 128   4   4]
 [ 16  16  64  16]
 [  4  64   4   2]
 [  0   2   2   0]]

*********************
AFTER: 
[[  2 128   8   2]
 [ 32  64  16   0]
 [  4  64   4   2]
 [  4   0   0   0]]

TIME TAKEN FOR STEP: 0.424166883621

*********************

BRANCHES: 38
AI SELECT ACTION: d
*********************
BEFORE: 
[[  2 128   8   2]
 [ 32  64  16   0]
 [  4  64   4   2]
 [  4   0   0   0]]

*********************
AFTER: 
[[  0   0   2   0]
 [  2   0   8   0]
 [ 32   0  16   0]
 [  8 256   4   4]]

TIME TAKEN FOR STEP: 0.667098732681

*********************

BRANCHES: 46
AI SELECT ACTION: r
*********************
BEFORE: 
[[  0   0   2   0]
 [  2   0   8   0]
 [ 32   0  16   0]
 [  8 256   4   4]]

*********************
AFTER: 
[[  0   2   0   2]
 [  0   0   2   8]
 [  0   0  32  16]
 [  0   8 256   8]]

TIME TAKEN FOR STEP: 1.0186421802

*********************

BRANCHES: 60
AI SELECT ACTION: r
*********************
BEFORE: 
[[  0   2   0   2]
 [  0   0   2   8]
 [  0   0  32  16]
 [  0   8 256   8]]

*********************
AFTER: 
[[  2   0   0   4]
 [  0   0   2   8]
 [  0   0  32  16]
 [  0   8 256   8]]

TIME TAKEN FOR STEP: 1.29821127831

*********************

BRANCHES: 56
AI SELECT ACTION: r
*********************
BEFORE: 
[[  2   0   0   4]
 [  0   0   2   8]
 [  0   0  32  16]
 [  0   8 256   8]]

*********************
AFTER: 
[[  0   0   2   4]
 [  0   2   2   8]
 [  0   0  32  16]
 [  0   8 256   8]]

TIME TAKEN FOR STEP: 1.40362050513

*********************

BRANCHES: 56
AI SELECT ACTION: u
*********************
BEFORE: 
[[  0   0   2   4]
 [  0   2   2   8]
 [  0   0  32  16]
 [  0   8 256   8]]

*********************
AFTER: 
[[  0   2   4   4]
 [  0   8  32   8]
 [  0   0 256  16]
 [  0   2   0   8]]

TIME TAKEN FOR STEP: 1.45925746539

*********************

BRANCHES: 52
AI SELECT ACTION: r
*********************
BEFORE: 
[[  0   2   4   4]
 [  0   8  32   8]
 [  0   0 256  16]
 [  0   2   0   8]]

*********************
AFTER: 
[[  2   0   2   8]
 [  0   8  32   8]
 [  0   0 256  16]
 [  0   0   2   8]]

TIME TAKEN FOR STEP: 1.03733769376

*********************

BRANCHES: 58
AI SELECT ACTION: l
*********************
BEFORE: 
[[  2   0   2   8]
 [  0   8  32   8]
 [  0   0 256  16]
 [  0   0   2   8]]

*********************
AFTER: 
[[  4   8   0   0]
 [  8  32   8   0]
 [256  16   0   0]
 [  2   8   2   0]]

TIME TAKEN FOR STEP: 1.29129413977

*********************

BRANCHES: 36
AI SELECT ACTION: d
*********************
BEFORE: 
[[  4   8   0   0]
 [  8  32   8   0]
 [256  16   0   0]
 [  2   8   2   0]]

*********************
AFTER: 
[[  4   8   0   0]
 [  8  32   0   2]
 [256  16   8   0]
 [  2   8   2   0]]

TIME TAKEN FOR STEP: 0.653350974163

*********************

BRANCHES: 40
AI SELECT ACTION: u
*********************
BEFORE: 
[[  4   8   0   0]
 [  8  32   0   2]
 [256  16   8   0]
 [  2   8   2   0]]

*********************
AFTER: 
[[  4   8   8   2]
 [  8  32   2   0]
 [256  16   0   0]
 [  2   8   2   0]]

TIME TAKEN FOR STEP: 0.739841477468

*********************

BRANCHES: 40
AI SELECT ACTION: r
*********************
BEFORE: 
[[  4   8   8   2]
 [  8  32   2   0]
 [256  16   0   0]
 [  2   8   2   0]]

*********************
AFTER: 
[[  0   4  16   2]
 [  2   8  32   2]
 [  0   0 256  16]
 [  0   2   8   2]]

TIME TAKEN FOR STEP: 0.632385830078

*********************

BRANCHES: 28
AI SELECT ACTION: d
*********************
BEFORE: 
[[  0   4  16   2]
 [  2   8  32   2]
 [  0   0 256  16]
 [  0   2   8   2]]

*********************
AFTER: 
[[  0   0  16   0]
 [  4   4  32   4]
 [  0   8 256  16]
 [  2   2   8   2]]

TIME TAKEN FOR STEP: 0.37471027149

*********************

BRANCHES: 40
AI SELECT ACTION: u
*********************
BEFORE: 
[[  0   0  16   0]
 [  4   4  32   4]
 [  0   8 256  16]
 [  2   2   8   2]]

*********************
AFTER: 
[[  4   4  16   4]
 [  2   8  32  16]
 [  0   2 256   2]
 [  2   0   8   0]]

TIME TAKEN FOR STEP: 0.705337957664

*********************

BRANCHES: 34
AI SELECT ACTION: u
*********************
BEFORE: 
[[  4   4  16   4]
 [  2   8  32  16]
 [  0   2 256   2]
 [  2   0   8   0]]

*********************
AFTER: 
[[  4   4  16   4]
 [  4   8  32  16]
 [  0   2 256   2]
 [  0   2   8   0]]

TIME TAKEN FOR STEP: 0.487268143118

*********************

BRANCHES: 36
AI SELECT ACTION: u
*********************
BEFORE: 
[[  4   4  16   4]
 [  4   8  32  16]
 [  0   2 256   2]
 [  0   2   8   0]]

*********************
AFTER: 
[[  8   4  16   4]
 [  0   8  32  16]
 [  2   4 256   2]
 [  0   0   8   0]]

TIME TAKEN FOR STEP: 0.601036089298

*********************

BRANCHES: 32
AI SELECT ACTION: d
*********************
BEFORE: 
[[  8   4  16   4]
 [  0   8  32  16]
 [  2   4 256   2]
 [  0   0   8   0]]

*********************
AFTER: 
[[  0   0  16   0]
 [  2   4  32   4]
 [  8   8 256  16]
 [  2   4   8   2]]

TIME TAKEN FOR STEP: 0.523923169945

*********************

BRANCHES: 22
AI SELECT ACTION: l
*********************
BEFORE: 
[[  0   0  16   0]
 [  2   4  32   4]
 [  8   8 256  16]
 [  2   4   8   2]]

*********************
AFTER: 
[[ 16   0   0   2]
 [  2   4  32   4]
 [ 16 256  16   0]
 [  2   4   8   2]]

TIME TAKEN FOR STEP: 0.246807406146

*********************

BRANCHES: 24
AI SELECT ACTION: r
*********************
BEFORE: 
[[ 16   0   0   2]
 [  2   4  32   4]
 [ 16 256  16   0]
 [  2   4   8   2]]

*********************
AFTER: 
[[  0   2  16   2]
 [  2   4  32   4]
 [  0  16 256  16]
 [  2   4   8   2]]

TIME TAKEN FOR STEP: 0.263864993132

*********************

BRANCHES: 16
AI SELECT ACTION: u
*********************
BEFORE: 
[[  0   2  16   2]
 [  2   4  32   4]
 [  0  16 256  16]
 [  2   4   8   2]]

*********************
AFTER: 
[[  4   2  16   2]
 [  2   4  32   4]
 [  0  16 256  16]
 [  0   4   8   2]]

TIME TAKEN FOR STEP: 0.238002661927

*********************

BRANCHES: 8
AI SELECT ACTION: l
*********************
BEFORE: 
[[  4   2  16   2]
 [  2   4  32   4]
 [  0  16 256  16]
 [  0   4   8   2]]

*********************
AFTER: 
[[  4   2  16   2]
 [  2   4  32   4]
 [ 16 256  16   0]
 [  4   8   2   2]]

TIME TAKEN FOR STEP: 0.103470263099

*********************

BRANCHES: 12
AI SELECT ACTION: l
*********************
BEFORE: 
[[  4   2  16   2]
 [  2   4  32   4]
 [ 16 256  16   0]
 [  4   8   2   2]]

*********************
AFTER: 
[[  4   2  16   2]
 [  2   4  32   4]
 [ 16 256  16   0]
 [  4   8   4   4]]

TIME TAKEN FOR STEP: 0.0916243324936

*********************

BRANCHES: 18
AI SELECT ACTION: u
*********************
BEFORE: 
[[  4   2  16   2]
 [  2   4  32   4]
 [ 16 256  16   0]
 [  4   8   4   4]]

*********************
AFTER: 
[[  4   2  16   2]
 [  2   4  32   8]
 [ 16 256  16   0]
 [  4   8   4   2]]

TIME TAKEN FOR STEP: 0.155312653951

*********************

BRANCHES: 6
AI SELECT ACTION: u
*********************
BEFORE: 
[[  4   2  16   2]
 [  2   4  32   8]
 [ 16 256  16   0]
 [  4   8   4   2]]

*********************
AFTER: 
[[  4   2  16   2]
 [  2   4  32   8]
 [ 16 256  16   2]
 [  4   8   4   2]]

TIME TAKEN FOR STEP: 0.0985126315112

*********************

BRANCHES: 4
AI SELECT ACTION: d
*********************
BEFORE: 
[[  4   2  16   2]
 [  2   4  32   8]
 [ 16 256  16   2]
 [  4   8   4   2]]

*********************
AFTER: 
[[  4   2  16   2]
 [  2   4  32   2]
 [ 16 256  16   8]
 [  4   8   4   4]]

TIME TAKEN FOR STEP: 0.0308559134246

*********************

BRANCHES: 10
AI SELECT ACTION: d
*********************
BEFORE: 
[[  4   2  16   2]
 [  2   4  32   2]
 [ 16 256  16   8]
 [  4   8   4   4]]

*********************
AFTER: 
[[  4   2  16   2]
 [  2   4  32   4]
 [ 16 256  16   8]
 [  4   8   4   4]]

TIME TAKEN FOR STEP: 0.152504159014

*********************

BRANCHES: 6
AI SELECT ACTION: r
*********************
BEFORE: 
[[  4   2  16   2]
 [  2   4  32   4]
 [ 16 256  16   8]
 [  4   8   4   4]]

*********************
AFTER: 
[[  4   2  16   2]
 [  2   4  32   4]
 [ 16 256  16   8]
 [  0   2   4  16]]

TIME TAKEN FOR STEP: 0.0240663798781

*********************

BRANCHES: 4
AI SELECT ACTION: l
*********************
BEFORE: 
[[  4   2  16   2]
 [  2   4  32   4]
 [ 16 256  16   8]
 [  0   2   4  16]]

*********************
AFTER: 
[[  4   2  16   2]
 [  2   4  32   4]
 [ 16 256  16   8]
 [  2   4  16   2]]

TIME TAKEN FOR STEP: 0.050048414834

*********************

BRANCHES: 6
AI SELECT ACTION: u
*********************
BEFORE: 
[[  4   2  16   2]
 [  2   4  32   4]
 [ 16 256  16   8]
 [  2   4  16   2]]

*********************
AFTER: 
[[  4   2  16   2]
 [  2   4  32   4]
 [ 16 256  32   8]
 [  2   4   2   2]]

TIME TAKEN FOR STEP: 0.0754102026312

*********************

BRANCHES: 10
AI SELECT ACTION: u
*********************
BEFORE: 
[[  4   2  16   2]
 [  2   4  32   4]
 [ 16 256  32   8]
 [  2   4   2   2]]

*********************
AFTER: 
[[  4   2  16   2]
 [  2   4  64   4]
 [ 16 256   2   8]
 [  2   4   2   2]]

TIME TAKEN FOR STEP: 0.103518855711

*********************

BRANCHES: 10
AI SELECT ACTION: r
*********************
BEFORE: 
[[  4   2  16   2]
 [  2   4  64   4]
 [ 16 256   2   8]
 [  2   4   2   2]]

*********************
AFTER: 
[[  4   2  16   2]
 [  2   4  64   4]
 [ 16 256   2   8]
 [  2   0   2   8]]

TIME TAKEN FOR STEP: 0.0380642125686

*********************

BRANCHES: 20
AI SELECT ACTION: d
*********************
BEFORE: 
[[  4   2  16   2]
 [  2   4  64   4]
 [ 16 256   2   8]
 [  2   0   2   8]]

*********************
AFTER: 
[[  4   0   0   2]
 [  2   2  16   2]
 [ 16   4  64   4]
 [  2 256   4  16]]

TIME TAKEN FOR STEP: 0.199922251821

*********************

BRANCHES: 26
AI SELECT ACTION: d
*********************
BEFORE: 
[[  4   0   0   2]
 [  2   2  16   2]
 [ 16   4  64   4]
 [  2 256   4  16]]

*********************
AFTER: 
[[  4   0   2   0]
 [  2   2  16   4]
 [ 16   4  64   4]
 [  2 256   4  16]]

TIME TAKEN FOR STEP: 0.414300213057

*********************

BRANCHES: 24
AI SELECT ACTION: u
*********************
BEFORE: 
[[  4   0   2   0]
 [  2   2  16   4]
 [ 16   4  64   4]
 [  2 256   4  16]]

*********************
AFTER: 
[[  4   2   2   8]
 [  2   4  16  16]
 [ 16 256  64   0]
 [  2   2   4   0]]

TIME TAKEN FOR STEP: 0.361770809588

*********************

BRANCHES: 28
AI SELECT ACTION: l
*********************
BEFORE: 
[[  4   2   2   8]
 [  2   4  16  16]
 [ 16 256  64   0]
 [  2   2   4   0]]

*********************
AFTER: 
[[  4   4   8   0]
 [  2   4  32   0]
 [ 16 256  64   0]
 [  8   0   2   0]]

TIME TAKEN FOR STEP: 0.326544721598

*********************

BRANCHES: 50
AI SELECT ACTION: l
*********************
BEFORE: 
[[  4   4   8   0]
 [  2   4  32   0]
 [ 16 256  64   0]
 [  8   0   2   0]]

*********************
AFTER: 
[[ 16   0   0   0]
 [  2   4  32   0]
 [ 16 256  64   0]
 [  8   2   0   2]]

TIME TAKEN FOR STEP: 0.676424958588

*********************

BRANCHES: 52
AI SELECT ACTION: r
*********************
BEFORE: 
[[ 16   0   0   0]
 [  2   4  32   0]
 [ 16 256  64   0]
 [  8   2   0   2]]

*********************
AFTER: 
[[  0   0   0  16]
 [  2   2   4  32]
 [  0  16 256  64]
 [  0   0   8   4]]

TIME TAKEN FOR STEP: 0.670653499517

*********************

BRANCHES: 54
AI SELECT ACTION: d
*********************
BEFORE: 
[[  0   0   0  16]
 [  2   2   4  32]
 [  0  16 256  64]
 [  0   0   8   4]]

*********************
AFTER: 
[[  0   0   4  16]
 [  0   0   4  32]
 [  0   2 256  64]
 [  2  16   8   4]]

TIME TAKEN FOR STEP: 0.856821276769

*********************

BRANCHES: 34
AI SELECT ACTION: l
*********************
BEFORE: 
[[  0   0   4  16]
 [  0   0   4  32]
 [  0   2 256  64]
 [  2  16   8   4]]

*********************
AFTER: 
[[  4  16   0   2]
 [  4  32   0   0]
 [  2 256  64   0]
 [  2  16   8   4]]

TIME TAKEN FOR STEP: 0.394660896656

*********************

BRANCHES: 40
AI SELECT ACTION: u
*********************
BEFORE: 
[[  4  16   0   2]
 [  4  32   0   0]
 [  2 256  64   0]
 [  2  16   8   4]]

*********************
AFTER: 
[[  8  16  64   2]
 [  4  32   8   4]
 [  4 256   0   0]
 [  0  16   0   0]]

TIME TAKEN FOR STEP: 0.591560529999

*********************

BRANCHES: 46
AI SELECT ACTION: r
*********************
BEFORE: 
[[  8  16  64   2]
 [  4  32   8   4]
 [  4 256   0   0]
 [  0  16   0   0]]

*********************
AFTER: 
[[  8  16  64   2]
 [  4  32   8   4]
 [  0   0   4 256]
 [  0   2   0  16]]

TIME TAKEN FOR STEP: 0.711441268718

*********************

BRANCHES: 32
AI SELECT ACTION: u
*********************
BEFORE: 
[[  8  16  64   2]
 [  4  32   8   4]
 [  0   0   4 256]
 [  0   2   0  16]]

*********************
AFTER: 
[[  8  16  64   2]
 [  4  32   8   4]
 [  0   2   4 256]
 [  0   0   2  16]]

TIME TAKEN FOR STEP: 0.782418086881

*********************

BRANCHES: 12
AI SELECT ACTION: d
*********************
BEFORE: 
[[  8  16  64   2]
 [  4  32   8   4]
 [  0   2   4 256]
 [  0   0   2  16]]

*********************
AFTER: 
[[  0   0  64   2]
 [  2  16   8   4]
 [  8  32   4 256]
 [  4   2   2  16]]

TIME TAKEN FOR STEP: 0.108764487413

*********************

BRANCHES: 18
AI SELECT ACTION: r
*********************
BEFORE: 
[[  0   0  64   2]
 [  2  16   8   4]
 [  8  32   4 256]
 [  4   2   2  16]]

*********************
AFTER: 
[[  4   0  64   2]
 [  2  16   8   4]
 [  8  32   4 256]
 [  0   0   8  16]]

TIME TAKEN FOR STEP: 0.29336110355

*********************

BRANCHES: 24
AI SELECT ACTION: l
*********************
BEFORE: 
[[  4   0  64   2]
 [  2  16   8   4]
 [  8  32   4 256]
 [  0   0   8  16]]

*********************
AFTER: 
[[  4  64   2   0]
 [  2  16   8   4]
 [  8  32   4 256]
 [  8  16   0   4]]

TIME TAKEN FOR STEP: 0.255646520749

*********************

BRANCHES: 20
AI SELECT ACTION: r
*********************
BEFORE: 
[[  4  64   2   0]
 [  2  16   8   4]
 [  8  32   4 256]
 [  8  16   0   4]]

*********************
AFTER: 
[[  2   4  64   2]
 [  2  16   8   4]
 [  8  32   4 256]
 [  0   8  16   4]]

TIME TAKEN FOR STEP: 0.220363148785

*********************

BRANCHES: 10
AI SELECT ACTION: d
*********************
BEFORE: 
[[  2   4  64   2]
 [  2  16   8   4]
 [  8  32   4 256]
 [  0   8  16   4]]

*********************
AFTER: 
[[  2   4  64   2]
 [  0  16   8   4]
 [  4  32   4 256]
 [  8   8  16   4]]

TIME TAKEN FOR STEP: 0.109776635961

*********************

BRANCHES: 14
AI SELECT ACTION: l
*********************
BEFORE: 
[[  2   4  64   2]
 [  0  16   8   4]
 [  4  32   4 256]
 [  8   8  16   4]]

*********************
AFTER: 
[[  2   4  64   2]
 [ 16   8   4   0]
 [  4  32   4 256]
 [ 32   4   4   0]]

TIME TAKEN FOR STEP: 0.185997110517

*********************

BRANCHES: 24
AI SELECT ACTION: u
*********************
BEFORE: 
[[  2   4  64   2]
 [ 16   8   4   0]
 [  4  32   4 256]
 [ 32   4   4   0]]

*********************
AFTER: 
[[  2   4  64   2]
 [ 16   8   8 256]
 [  4  32   4   2]
 [ 32   4   0   0]]

TIME TAKEN FOR STEP: 0.227490460243

*********************

BRANCHES: 18
AI SELECT ACTION: r
*********************
BEFORE: 
[[  2   4  64   2]
 [ 16   8   8 256]
 [  4  32   4   2]
 [ 32   4   0   0]]

*********************
AFTER: 
[[  2   4  64   2]
 [  0   0  32 256]
 [  4  32   4   2]
 [  2   0  32   4]]

TIME TAKEN FOR STEP: 0.181155232061

*********************

BRANCHES: 24
AI SELECT ACTION: r
*********************
BEFORE: 
[[  2   4  64   2]
 [  0   0  32 256]
 [  4  32   4   2]
 [  2   0  32   4]]

*********************
AFTER: 
[[  2   4  64   2]
 [  0   2  32 256]
 [  4  32   4   2]
 [  0   2  32   4]]

TIME TAKEN FOR STEP: 0.325651486677

*********************

BRANCHES: 12
AI SELECT ACTION: u
*********************
BEFORE: 
[[  2   4  64   2]
 [  0   2  32 256]
 [  4  32   4   2]
 [  0   2  32   4]]

*********************
AFTER: 
[[  2   4  64   2]
 [  4   2  32 256]
 [  0  32   4   2]
 [  2   2  32   4]]

TIME TAKEN FOR STEP: 0.133722521964

*********************

BRANCHES: 12
AI SELECT ACTION: l
*********************
BEFORE: 
[[  2   4  64   2]
 [  4   2  32 256]
 [  0  32   4   2]
 [  2   2  32   4]]

*********************
AFTER: 
[[  2   4  64   2]
 [  4   2  32 256]
 [ 32   4   2   2]
 [  4  32   4   0]]

TIME TAKEN FOR STEP: 0.11042216708

*********************

BRANCHES: 12
AI SELECT ACTION: r
*********************
BEFORE: 
[[  2   4  64   2]
 [  4   2  32 256]
 [ 32   4   2   2]
 [  4  32   4   0]]

*********************
AFTER: 
[[  2   4  64   2]
 [  4   2  32 256]
 [  2   0  32   8]
 [  0   4  32   4]]

TIME TAKEN FOR STEP: 0.091492776886

*********************

BRANCHES: 20
AI SELECT ACTION: l
*********************
BEFORE: 
[[  2   4  64   2]
 [  4   2  32 256]
 [  2   0  32   8]
 [  0   4  32   4]]

*********************
AFTER: 
[[  2   4  64   2]
 [  4   2  32 256]
 [  2  32   8   0]
 [  4  32   4   2]]

TIME TAKEN FOR STEP: 0.293006337978

*********************

BRANCHES: 10
AI SELECT ACTION: r
*********************
BEFORE: 
[[  2   4  64   2]
 [  4   2  32 256]
 [  2  32   8   0]
 [  4  32   4   2]]

*********************
AFTER: 
[[  2   4  64   2]
 [  4   2  32 256]
 [  2   2  32   8]
 [  4  32   4   2]]

TIME TAKEN FOR STEP: 0.0791328707685

*********************

BRANCHES: 16
AI SELECT ACTION: r
*********************
BEFORE: 
[[  2   4  64   2]
 [  4   2  32 256]
 [  2   2  32   8]
 [  4  32   4   2]]

*********************
AFTER: 
[[  2   4  64   2]
 [  4   2  32 256]
 [  2   4  32   8]
 [  4  32   4   2]]

TIME TAKEN FOR STEP: 0.170693203237

*********************

BRANCHES: 6
AI SELECT ACTION: d
*********************
BEFORE: 
[[  2   4  64   2]
 [  4   2  32 256]
 [  2   4  32   8]
 [  4  32   4   2]]

*********************
AFTER: 
[[  2   4   2   2]
 [  4   2   0 256]
 [  2   4 128   8]
 [  4  32   4   2]]

TIME TAKEN FOR STEP: 0.072210201367

*********************

BRANCHES: 14
AI SELECT ACTION: r
*********************
BEFORE: 
[[  2   4   2   2]
 [  4   2   0 256]
 [  2   4 128   8]
 [  4  32   4   2]]

*********************
AFTER: 
[[  0   0   2   8]
 [  2   4   2 256]
 [  2   4 128   8]
 [  4  32   4   2]]

TIME TAKEN FOR STEP: 0.174277204653

*********************

BRANCHES: 26
AI SELECT ACTION: u
*********************
BEFORE: 
[[  0   0   2   8]
 [  2   4   2 256]
 [  2   4 128   8]
 [  4  32   4   2]]

*********************
AFTER: 
[[  8   8   4   8]
 [  0  32 128 256]
 [  0   0   4   8]
 [  4   0   0   2]]

TIME TAKEN FOR STEP: 0.337682701307

*********************

BRANCHES: 44
AI SELECT ACTION: u
*********************
BEFORE: 
[[  8   8   4   8]
 [  0  32 128 256]
 [  0   0   4   8]
 [  4   0   0   2]]

*********************
AFTER: 
[[  8   8   4   8]
 [  4  32 128 256]
 [  0   2   4   8]
 [  0   0   0   2]]

TIME TAKEN FOR STEP: 0.665064163976

*********************

BRANCHES: 28
AI SELECT ACTION: l
*********************
BEFORE: 
[[  8   8   4   8]
 [  4  32 128 256]
 [  0   2   4   8]
 [  0   0   0   2]]

*********************
AFTER: 
[[ 16   4   8   0]
 [  4  32 128 256]
 [  2   4   8   0]
 [  2   2   0   0]]

TIME TAKEN FOR STEP: 0.280418481153

*********************

BRANCHES: 42
AI SELECT ACTION: l
*********************
BEFORE: 
[[ 16   4   8   0]
 [  4  32 128 256]
 [  2   4   8   0]
 [  2   2   0   0]]

*********************
AFTER: 
[[ 16   4   8   2]
 [  4  32 128 256]
 [  2   4   8   0]
 [  4   0   0   0]]

TIME TAKEN FOR STEP: 0.487280390037

*********************

BRANCHES: 16
AI SELECT ACTION: r
*********************
BEFORE: 
[[ 16   4   8   2]
 [  4  32 128 256]
 [  2   4   8   0]
 [  4   0   0   0]]

*********************
AFTER: 
[[ 16   4   8   2]
 [  4  32 128 256]
 [  2   2   4   8]
 [  0   0   0   4]]

TIME TAKEN FOR STEP: 0.229184880666

*********************

BRANCHES: 26
AI SELECT ACTION: r
*********************
BEFORE: 
[[ 16   4   8   2]
 [  4  32 128 256]
 [  2   2   4   8]
 [  0   0   0   4]]

*********************
AFTER: 
[[ 16   4   8   2]
 [  4  32 128 256]
 [  0   4   4   8]
 [  4   0   0   4]]

TIME TAKEN FOR STEP: 0.356631449533

*********************

BRANCHES: 38
AI SELECT ACTION: l
*********************
BEFORE: 
[[ 16   4   8   2]
 [  4  32 128 256]
 [  0   4   4   8]
 [  4   0   0   4]]

*********************
AFTER: 
[[ 16   4   8   2]
 [  4  32 128 256]
 [ 16   0   0   2]
 [  8   0   0   0]]

TIME TAKEN FOR STEP: 0.528543023622

*********************

BRANCHES: 30
AI SELECT ACTION: l
*********************
BEFORE: 
[[ 16   4   8   2]
 [  4  32 128 256]
 [ 16   0   0   2]
 [  8   0   0   0]]

*********************
AFTER: 
[[ 16   4   8   2]
 [  4  32 128 256]
 [ 16   2   0   0]
 [  8   0   2   0]]

TIME TAKEN FOR STEP: 0.371929430886

*********************

BRANCHES: 32
AI SELECT ACTION: l
*********************
BEFORE: 
[[ 16   4   8   2]
 [  4  32 128 256]
 [ 16   2   0   0]
 [  8   0   2   0]]

*********************
AFTER: 
[[ 16   4   8   2]
 [  4  32 128 256]
 [ 16   2   0   2]
 [  8   2   0   0]]

TIME TAKEN FOR STEP: 0.384682423578

*********************

BRANCHES: 32
AI SELECT ACTION: l
*********************
BEFORE: 
[[ 16   4   8   2]
 [  4  32 128 256]
 [ 16   2   0   2]
 [  8   2   0   0]]

*********************
AFTER: 
[[ 16   4   8   2]
 [  4  32 128 256]
 [ 16   4   0   2]
 [  8   2   0   0]]

TIME TAKEN FOR STEP: 0.365165971424

*********************

BRANCHES: 18
AI SELECT ACTION: d
*********************
BEFORE: 
[[ 16   4   8   2]
 [  4  32 128 256]
 [ 16   4   0   2]
 [  8   2   0   0]]

*********************
AFTER: 
[[ 16   4   2   0]
 [  4  32   0   2]
 [ 16   4   8 256]
 [  8   2 128   2]]

TIME TAKEN FOR STEP: 0.168926486489

*********************

BRANCHES: 16
AI SELECT ACTION: u
*********************
BEFORE: 
[[ 16   4   2   0]
 [  4  32   0   2]
 [ 16   4   8 256]
 [  8   2 128   2]]

*********************
AFTER: 
[[ 16   4   2   2]
 [  4  32   8 256]
 [ 16   4 128   2]
 [  8   2   2   0]]

TIME TAKEN FOR STEP: 0.165038682484

*********************

BRANCHES: 16
AI SELECT ACTION: l
*********************
BEFORE: 
[[ 16   4   2   2]
 [  4  32   8 256]
 [ 16   4 128   2]
 [  8   2   2   0]]

*********************
AFTER: 
[[ 16   4   4   0]
 [  4  32   8 256]
 [ 16   4 128   2]
 [  8   4   2   0]]

TIME TAKEN FOR STEP: 0.177242539158

*********************

BRANCHES: 24
AI SELECT ACTION: u
*********************
BEFORE: 
[[ 16   4   4   0]
 [  4  32   8 256]
 [ 16   4 128   2]
 [  8   4   2   0]]

*********************
AFTER: 
[[ 16   4   4 256]
 [  4  32   8   2]
 [ 16   8 128   2]
 [  8   0   2   0]]

TIME TAKEN FOR STEP: 0.33646116996

*********************

BRANCHES: 24
AI SELECT ACTION: u
*********************
BEFORE: 
[[ 16   4   4 256]
 [  4  32   8   2]
 [ 16   8 128   2]
 [  8   0   2   0]]

*********************
AFTER: 
[[ 16   4   4 256]
 [  4  32   8   4]
 [ 16   8 128   0]
 [  8   0   2   2]]

TIME TAKEN FOR STEP: 0.337243787553

*********************

BRANCHES: 24
AI SELECT ACTION: r
*********************
BEFORE: 
[[ 16   4   4 256]
 [  4  32   8   4]
 [ 16   8 128   0]
 [  8   0   2   2]]

*********************
AFTER: 
[[  0  16   8 256]
 [  4  32   8   4]
 [  0  16   8 128]
 [  0   2   8   4]]

TIME TAKEN FOR STEP: 0.316611680637

*********************

BRANCHES: 26
AI SELECT ACTION: l
*********************
BEFORE: 
[[  0  16   8 256]
 [  4  32   8   4]
 [  0  16   8 128]
 [  0   2   8   4]]

*********************
AFTER: 
[[ 16   8 256   4]
 [  4  32   8   4]
 [ 16   8 128   0]
 [  2   8   4   0]]

TIME TAKEN FOR STEP: 0.310392616451

*********************

BRANCHES: 20
AI SELECT ACTION: u
*********************
BEFORE: 
[[ 16   8 256   4]
 [  4  32   8   4]
 [ 16   8 128   0]
 [  2   8   4   0]]

*********************
AFTER: 
[[ 16   8 256   8]
 [  4  32   8   0]
 [ 16  16 128   0]
 [  2   2   4   0]]

TIME TAKEN FOR STEP: 0.197686596617

*********************

BRANCHES: 28
AI SELECT ACTION: r
*********************
BEFORE: 
[[ 16   8 256   8]
 [  4  32   8   0]
 [ 16  16 128   0]
 [  2   2   4   0]]

*********************
AFTER: 
[[ 16   8 256   8]
 [  0   4  32   8]
 [  0   0  32 128]
 [  0   2   4   4]]

TIME TAKEN FOR STEP: 0.36017792007

*********************

BRANCHES: 44
AI SELECT ACTION: r
*********************
BEFORE: 
[[ 16   8 256   8]
 [  0   4  32   8]
 [  0   0  32 128]
 [  0   2   4   4]]

*********************
AFTER: 
[[ 16   8 256   8]
 [  0   4  32   8]
 [  0   2  32 128]
 [  0   0   2   8]]

TIME TAKEN FOR STEP: 0.581281809889

*********************

BRANCHES: 32
AI SELECT ACTION: u
*********************
BEFORE: 
[[ 16   8 256   8]
 [  0   4  32   8]
 [  0   2  32 128]
 [  0   0   2   8]]

*********************
AFTER: 
[[ 16   8 256  16]
 [  0   4  64 128]
 [  2   2   2   8]
 [  0   0   0   0]]

TIME TAKEN FOR STEP: 0.36394720551

*********************

BRANCHES: 44
AI SELECT ACTION: r
*********************
BEFORE: 
[[ 16   8 256  16]
 [  0   4  64 128]
 [  2   2   2   8]
 [  0   0   0   0]]

*********************
AFTER: 
[[ 16   8 256  16]
 [  0   4  64 128]
 [  0   2   4   8]
 [  0   0   2   0]]

TIME TAKEN FOR STEP: 0.573271930182

*********************

BRANCHES: 30
AI SELECT ACTION: l
*********************
BEFORE: 
[[ 16   8 256  16]
 [  0   4  64 128]
 [  0   2   4   8]
 [  0   0   2   0]]

*********************
AFTER: 
[[ 16   8 256  16]
 [  4  64 128   4]
 [  2   4   8   0]
 [  2   0   0   0]]

TIME TAKEN FOR STEP: 0.408463568776

*********************

BRANCHES: 30
AI SELECT ACTION: u
*********************
BEFORE: 
[[ 16   8 256  16]
 [  4  64 128   4]
 [  2   4   8   0]
 [  2   0   0   0]]

*********************
AFTER: 
[[ 16   8 256  16]
 [  4  64 128   4]
 [  4   4   8   2]
 [  0   0   0   0]]

TIME TAKEN FOR STEP: 0.403126282717

*********************

BRANCHES: 42
AI SELECT ACTION: d
*********************
BEFORE: 
[[ 16   8 256  16]
 [  4  64 128   4]
 [  4   4   8   2]
 [  0   0   0   0]]

*********************
AFTER: 
[[  0   0   0   0]
 [  2   8 256  16]
 [ 16  64 128   4]
 [  8   4   8   2]]

TIME TAKEN FOR STEP: 0.387876893976

*********************

BRANCHES: 8
AI SELECT ACTION: u
*********************
BEFORE: 
[[  0   0   0   0]
 [  2   8 256  16]
 [ 16  64 128   4]
 [  8   4   8   2]]

*********************
AFTER: 
[[  2   8 256  16]
 [ 16  64 128   4]
 [  8   4   8   2]
 [  0   0   2   0]]

TIME TAKEN FOR STEP: 0.0759064003581

*********************

BRANCHES: 18
AI SELECT ACTION: l
*********************
BEFORE: 
[[  2   8 256  16]
 [ 16  64 128   4]
 [  8   4   8   2]
 [  0   0   2   0]]

*********************
AFTER: 
[[  2   8 256  16]
 [ 16  64 128   4]
 [  8   4   8   2]
 [  2   2   0   0]]

TIME TAKEN FOR STEP: 0.128299507476

*********************

BRANCHES: 16
AI SELECT ACTION: l
*********************
BEFORE: 
[[  2   8 256  16]
 [ 16  64 128   4]
 [  8   4   8   2]
 [  2   2   0   0]]

*********************
AFTER: 
[[  2   8 256  16]
 [ 16  64 128   4]
 [  8   4   8   2]
 [  4   2   0   0]]

TIME TAKEN FOR STEP: 0.138630770817

*********************

BRANCHES: 8
AI SELECT ACTION: d
*********************
BEFORE: 
[[  2   8 256  16]
 [ 16  64 128   4]
 [  8   4   8   2]
 [  4   2   0   0]]

*********************
AFTER: 
[[  2   8   2   0]
 [ 16  64 256  16]
 [  8   4 128   4]
 [  4   2   8   2]]

TIME TAKEN FOR STEP: 0.0517369093282

*********************

BRANCHES: 4
AI SELECT ACTION: r
*********************
BEFORE: 
[[  2   8   2   0]
 [ 16  64 256  16]
 [  8   4 128   4]
 [  4   2   8   2]]

*********************
AFTER: 
[[  2   2   8   2]
 [ 16  64 256  16]
 [  8   4 128   4]
 [  4   2   8   2]]

TIME TAKEN FOR STEP: 0.00772701539833

*********************

BRANCHES: 4
AI SELECT ACTION: l
*********************
BEFORE: 
[[  2   2   8   2]
 [ 16  64 256  16]
 [  8   4 128   4]
 [  4   2   8   2]]

*********************
AFTER: 
[[  4   8   2   2]
 [ 16  64 256  16]
 [  8   4 128   4]
 [  4   2   8   2]]

TIME TAKEN FOR STEP: 0.00909076902352

*********************

BRANCHES: 4
AI SELECT ACTION: r
*********************
BEFORE: 
[[  4   8   2   2]
 [ 16  64 256  16]
 [  8   4 128   4]
 [  4   2   8   2]]

*********************
AFTER: 
[[  2   4   8   4]
 [ 16  64 256  16]
 [  8   4 128   4]
 [  4   2   8   2]]

TIME TAKEN FOR STEP: 0.0102625225728

FINISHED: 
[[  2   4   8   4]
 [ 16  64 256  16]
 [  8   4 128   4]
 [  4   2   8   2]]

IS WIN?: 
False

IS LOSE?: 
True

