STARTIG BOARD: 
[[0 2 0 0]
 [0 0 0 0]
 [0 0 0 0]
 [0 2 0 0]]

*********************

BRANCHES: 116
AI SELECT ACTION: u
*********************
BEFORE: 
[[0 2 0 0]
 [0 0 0 0]
 [0 0 0 0]
 [0 2 0 0]]

*********************
AFTER: 
[[2 4 0 0]
 [0 0 0 0]
 [0 0 0 0]
 [0 0 0 0]]

TIME TAKEN FOR STEP: 7.18972254409

*********************

BRANCHES: 56
AI SELECT ACTION: d
*********************
BEFORE: 
[[2 4 0 0]
 [0 0 0 0]
 [0 0 0 0]
 [0 0 0 0]]

*********************
AFTER: 
[[0 0 0 0]
 [0 0 0 0]
 [2 0 0 0]
 [2 4 0 0]]

TIME TAKEN FOR STEP: 3.42374495753

*********************

BRANCHES: 82
AI SELECT ACTION: u
*********************
BEFORE: 
[[0 0 0 0]
 [0 0 0 0]
 [2 0 0 0]
 [2 4 0 0]]

*********************
AFTER: 
[[4 4 0 2]
 [0 0 0 0]
 [0 0 0 0]
 [0 0 0 0]]

TIME TAKEN FOR STEP: 4.50019693835

*********************

BRANCHES: 82
AI SELECT ACTION: d
*********************
BEFORE: 
[[4 4 0 2]
 [0 0 0 0]
 [0 0 0 0]
 [0 0 0 0]]

*********************
AFTER: 
[[0 0 0 0]
 [0 0 0 0]
 [0 0 0 0]
 [4 4 2 2]]

TIME TAKEN FOR STEP: 4.7434657752

*********************

BRANCHES: 80
AI SELECT ACTION: l
*********************
BEFORE: 
[[0 0 0 0]
 [0 0 0 0]
 [0 0 0 0]
 [4 4 2 2]]

*********************
AFTER: 
[[0 2 0 0]
 [0 0 0 0]
 [0 0 0 0]
 [8 4 0 0]]

TIME TAKEN FOR STEP: 4.1429997602

*********************

BRANCHES: 104
AI SELECT ACTION: l
*********************
BEFORE: 
[[0 2 0 0]
 [0 0 0 0]
 [0 0 0 0]
 [8 4 0 0]]

*********************
AFTER: 
[[2 0 0 0]
 [0 0 0 0]
 [2 0 0 0]
 [8 4 0 0]]

TIME TAKEN FOR STEP: 5.71793253054

*********************

BRANCHES: 76
AI SELECT ACTION: r
*********************
BEFORE: 
[[2 0 0 0]
 [0 0 0 0]
 [2 0 0 0]
 [8 4 0 0]]

*********************
AFTER: 
[[0 0 0 2]
 [0 0 2 0]
 [0 0 0 2]
 [0 0 8 4]]

TIME TAKEN FOR STEP: 4.30339053961

*********************

BRANCHES: 94
AI SELECT ACTION: u
*********************
BEFORE: 
[[0 0 0 2]
 [0 0 2 0]
 [0 0 0 2]
 [0 0 8 4]]

*********************
AFTER: 
[[0 0 2 8]
 [0 0 8 2]
 [0 0 0 0]
 [0 0 0 0]]

TIME TAKEN FOR STEP: 5.14915363917

*********************

BRANCHES: 48
AI SELECT ACTION: l
*********************
BEFORE: 
[[0 0 2 8]
 [0 0 8 2]
 [0 0 0 0]
 [0 0 0 0]]

*********************
AFTER: 
[[2 8 2 0]
 [8 2 0 0]
 [0 0 0 0]
 [0 0 0 0]]

TIME TAKEN FOR STEP: 2.75797363278

*********************

BRANCHES: 44
AI SELECT ACTION: r
*********************
BEFORE: 
[[2 8 2 0]
 [8 2 0 0]
 [0 0 0 0]
 [0 0 0 0]]

*********************
AFTER: 
[[0 2 8 2]
 [0 0 8 2]
 [0 0 0 0]
 [0 0 0 2]]

TIME TAKEN FOR STEP: 2.46214852826

*********************

BRANCHES: 68
AI SELECT ACTION: u
*********************
BEFORE: 
[[0 2 8 2]
 [0 0 8 2]
 [0 0 0 0]
 [0 0 0 2]]

*********************
AFTER: 
[[ 0  2 16  4]
 [ 0  0  0  2]
 [ 0  0  0  0]
 [ 0  0  2  0]]

TIME TAKEN FOR STEP: 4.16887631363

*********************

BRANCHES: 88
AI SELECT ACTION: r
*********************
BEFORE: 
[[ 0  2 16  4]
 [ 0  0  0  2]
 [ 0  0  0  0]
 [ 0  0  2  0]]

*********************
AFTER: 
[[ 0  2 16  4]
 [ 0  0  0  2]
 [ 0  0  0  0]
 [ 0  2  0  2]]

TIME TAKEN FOR STEP: 4.7653324505

*********************

BRANCHES: 94
AI SELECT ACTION: u
*********************
BEFORE: 
[[ 0  2 16  4]
 [ 0  0  0  2]
 [ 0  0  0  0]
 [ 0  2  0  2]]

*********************
AFTER: 
[[ 0  4 16  4]
 [ 0  0  0  4]
 [ 0  0  0  4]
 [ 0  0  0  0]]

TIME TAKEN FOR STEP: 4.65150010923

*********************

BRANCHES: 70
AI SELECT ACTION: l
*********************
BEFORE: 
[[ 0  4 16  4]
 [ 0  0  0  4]
 [ 0  0  0  4]
 [ 0  0  0  0]]

*********************
AFTER: 
[[ 4 16  4  0]
 [ 4  0  0  2]
 [ 4  0  0  0]
 [ 0  0  0  0]]

TIME TAKEN FOR STEP: 3.64725082361

*********************

BRANCHES: 84
AI SELECT ACTION: l
*********************
BEFORE: 
[[ 4 16  4  0]
 [ 4  0  0  2]
 [ 4  0  0  0]
 [ 0  0  0  0]]

*********************
AFTER: 
[[ 4 16  4  0]
 [ 4  2  0  0]
 [ 4  0  0  2]
 [ 0  0  0  0]]

TIME TAKEN FOR STEP: 4.31111281427

*********************

BRANCHES: 76
AI SELECT ACTION: l
*********************
BEFORE: 
[[ 4 16  4  0]
 [ 4  2  0  0]
 [ 4  0  0  2]
 [ 0  0  0  0]]

*********************
AFTER: 
[[ 4 16  4  0]
 [ 4  2  4  0]
 [ 4  2  0  0]
 [ 0  0  0  0]]

TIME TAKEN FOR STEP: 4.08004348841

*********************

BRANCHES: 60
AI SELECT ACTION: u
*********************
BEFORE: 
[[ 4 16  4  0]
 [ 4  2  4  0]
 [ 4  2  0  0]
 [ 0  0  0  0]]

*********************
AFTER: 
[[ 8 16  8  0]
 [ 4  4  0  2]
 [ 0  0  0  0]
 [ 0  0  0  0]]

TIME TAKEN FOR STEP: 2.87831738403

*********************

BRANCHES: 84
AI SELECT ACTION: r
*********************
BEFORE: 
[[ 8 16  8  0]
 [ 4  4  0  2]
 [ 0  0  0  0]
 [ 0  0  0  0]]

*********************
AFTER: 
[[ 2  8 16  8]
 [ 0  0  8  2]
 [ 0  0  0  0]
 [ 0  0  0  0]]

TIME TAKEN FOR STEP: 3.9902818727

*********************

BRANCHES: 40
AI SELECT ACTION: l
*********************
BEFORE: 
[[ 2  8 16  8]
 [ 0  0  8  2]
 [ 0  0  0  0]
 [ 0  0  0  0]]

*********************
AFTER: 
[[ 2  8 16  8]
 [ 8  2  0  0]
 [ 0  0  0  0]
 [ 2  0  0  0]]

TIME TAKEN FOR STEP: 1.82033415124

*********************

BRANCHES: 54
AI SELECT ACTION: d
*********************
BEFORE: 
[[ 2  8 16  8]
 [ 8  2  0  0]
 [ 0  0  0  0]
 [ 2  0  0  0]]

*********************
AFTER: 
[[ 0  0  0  0]
 [ 2  4  0  0]
 [ 8  8  0  0]
 [ 2  2 16  8]]

TIME TAKEN FOR STEP: 2.86344567445

*********************

BRANCHES: 56
AI SELECT ACTION: l
*********************
BEFORE: 
[[ 0  0  0  0]
 [ 2  4  0  0]
 [ 8  8  0  0]
 [ 2  2 16  8]]

*********************
AFTER: 
[[ 0  0  0  0]
 [ 2  4  0  0]
 [16  2  0  0]
 [ 4 16  8  0]]

TIME TAKEN FOR STEP: 2.83422215673

*********************

BRANCHES: 36
AI SELECT ACTION: u
*********************
BEFORE: 
[[ 0  0  0  0]
 [ 2  4  0  0]
 [16  2  0  0]
 [ 4 16  8  0]]

*********************
AFTER: 
[[ 2  4  8  0]
 [16  2  0  0]
 [ 4 16  2  0]
 [ 0  0  0  0]]

TIME TAKEN FOR STEP: 1.76274716553

*********************

BRANCHES: 48
AI SELECT ACTION: d
*********************
BEFORE: 
[[ 2  4  8  0]
 [16  2  0  0]
 [ 4 16  2  0]
 [ 0  0  0  0]]

*********************
AFTER: 
[[ 0  0  2  0]
 [ 2  4  0  0]
 [16  2  8  0]
 [ 4 16  2  0]]

TIME TAKEN FOR STEP: 2.36500478617

*********************

BRANCHES: 56
AI SELECT ACTION: u
*********************
BEFORE: 
[[ 0  0  2  0]
 [ 2  4  0  0]
 [16  2  8  0]
 [ 4 16  2  0]]

*********************
AFTER: 
[[ 2  4  2  0]
 [16  2  8  0]
 [ 4 16  2  2]
 [ 0  0  0  0]]

TIME TAKEN FOR STEP: 2.47007979065

*********************

BRANCHES: 52
AI SELECT ACTION: l
*********************
BEFORE: 
[[ 2  4  2  0]
 [16  2  8  0]
 [ 4 16  2  2]
 [ 0  0  0  0]]

*********************
AFTER: 
[[ 2  4  2  0]
 [16  2  8  0]
 [ 4 16  4  0]
 [ 0  2  0  0]]

TIME TAKEN FOR STEP: 2.30390253981

*********************

BRANCHES: 36
AI SELECT ACTION: d
*********************
BEFORE: 
[[ 2  4  2  0]
 [16  2  8  0]
 [ 4 16  4  0]
 [ 0  2  0  0]]

*********************
AFTER: 
[[ 4  4  0  0]
 [ 2  2  2  0]
 [16 16  8  0]
 [ 4  2  4  0]]

TIME TAKEN FOR STEP: 1.73134172102

*********************

BRANCHES: 42
AI SELECT ACTION: l
*********************
BEFORE: 
[[ 4  4  0  0]
 [ 2  2  2  0]
 [16 16  8  0]
 [ 4  2  4  0]]

*********************
AFTER: 
[[ 8  0  0  0]
 [ 4  2  0  2]
 [32  8  0  0]
 [ 4  2  4  0]]

TIME TAKEN FOR STEP: 1.86316360026

*********************

BRANCHES: 62
AI SELECT ACTION: d
*********************
BEFORE: 
[[ 8  0  0  0]
 [ 4  2  0  2]
 [32  8  0  0]
 [ 4  2  4  0]]

*********************
AFTER: 
[[ 8  0  0  0]
 [ 4  2  0  0]
 [32  8  0  2]
 [ 4  2  4  2]]

TIME TAKEN FOR STEP: 2.90659472853

*********************

BRANCHES: 52
AI SELECT ACTION: d
*********************
BEFORE: 
[[ 8  0  0  0]
 [ 4  2  0  0]
 [32  8  0  2]
 [ 4  2  4  2]]

*********************
AFTER: 
[[ 8  0  0  0]
 [ 4  2  4  0]
 [32  8  0  0]
 [ 4  2  4  4]]

TIME TAKEN FOR STEP: 2.62682849455

*********************

BRANCHES: 56
AI SELECT ACTION: r
*********************
BEFORE: 
[[ 8  0  0  0]
 [ 4  2  4  0]
 [32  8  0  0]
 [ 4  2  4  4]]

*********************
AFTER: 
[[ 0  0  2  8]
 [ 0  4  2  4]
 [ 0  0 32  8]
 [ 0  4  2  8]]

TIME TAKEN FOR STEP: 2.3582508082

*********************

BRANCHES: 48
AI SELECT ACTION: u
*********************
BEFORE: 
[[ 0  0  2  8]
 [ 0  4  2  4]
 [ 0  0 32  8]
 [ 0  4  2  8]]

*********************
AFTER: 
[[ 0  8  4  8]
 [ 2  0 32  4]
 [ 0  0  2 16]
 [ 0  0  0  0]]

TIME TAKEN FOR STEP: 2.02175882341

*********************

BRANCHES: 64
AI SELECT ACTION: l
*********************
BEFORE: 
[[ 0  8  4  8]
 [ 2  0 32  4]
 [ 0  0  2 16]
 [ 0  0  0  0]]

*********************
AFTER: 
[[ 8  4  8  0]
 [ 2 32  4  0]
 [ 2 16  0  0]
 [ 2  0  0  0]]

TIME TAKEN FOR STEP: 2.74133797189

*********************

BRANCHES: 46
AI SELECT ACTION: d
*********************
BEFORE: 
[[ 8  4  8  0]
 [ 2 32  4  0]
 [ 2 16  0  0]
 [ 2  0  0  0]]

*********************
AFTER: 
[[ 2  0  0  0]
 [ 8  4  0  0]
 [ 2 32  8  0]
 [ 4 16  4  0]]

TIME TAKEN FOR STEP: 2.09126996198

*********************

BRANCHES: 28
AI SELECT ACTION: u
*********************
BEFORE: 
[[ 2  0  0  0]
 [ 8  4  0  0]
 [ 2 32  8  0]
 [ 4 16  4  0]]

*********************
AFTER: 
[[ 2  4  8  0]
 [ 8 32  4  0]
 [ 2 16  0  0]
 [ 4  0  0  2]]

TIME TAKEN FOR STEP: 1.02315141655

*********************

BRANCHES: 48
AI SELECT ACTION: l
*********************
BEFORE: 
[[ 2  4  8  0]
 [ 8 32  4  0]
 [ 2 16  0  0]
 [ 4  0  0  2]]

*********************
AFTER: 
[[ 2  4  8  0]
 [ 8 32  4  0]
 [ 2 16  2  0]
 [ 4  2  0  0]]

TIME TAKEN FOR STEP: 1.92775542825

*********************

BRANCHES: 20
AI SELECT ACTION: r
*********************
BEFORE: 
[[ 2  4  8  0]
 [ 8 32  4  0]
 [ 2 16  2  0]
 [ 4  2  0  0]]

*********************
AFTER: 
[[ 0  2  4  8]
 [ 4  8 32  4]
 [ 0  2 16  2]
 [ 0  0  4  2]]

TIME TAKEN FOR STEP: 1.00183506245

*********************

BRANCHES: 32
AI SELECT ACTION: l
*********************
BEFORE: 
[[ 0  2  4  8]
 [ 4  8 32  4]
 [ 0  2 16  2]
 [ 0  0  4  2]]

*********************
AFTER: 
[[ 2  4  8  0]
 [ 4  8 32  4]
 [ 2 16  2  0]
 [ 4  2  2  0]]

TIME TAKEN FOR STEP: 1.40406060407

*********************

BRANCHES: 34
AI SELECT ACTION: r
*********************
BEFORE: 
[[ 2  4  8  0]
 [ 4  8 32  4]
 [ 2 16  2  0]
 [ 4  2  2  0]]

*********************
AFTER: 
[[ 0  2  4  8]
 [ 4  8 32  4]
 [ 0  2 16  2]
 [ 0  2  0  8]]

TIME TAKEN FOR STEP: 1.13768183217

*********************

BRANCHES: 36
AI SELECT ACTION: u
*********************
BEFORE: 
[[ 0  2  4  8]
 [ 4  8 32  4]
 [ 0  2 16  2]
 [ 0  2  0  8]]

*********************
AFTER: 
[[ 4  2  4  8]
 [ 0  8 32  4]
 [ 0  4 16  2]
 [ 0  0  2  8]]

TIME TAKEN FOR STEP: 1.38706227637

*********************

BRANCHES: 16
AI SELECT ACTION: l
*********************
BEFORE: 
[[ 4  2  4  8]
 [ 0  8 32  4]
 [ 0  4 16  2]
 [ 0  0  2  8]]

*********************
AFTER: 
[[ 4  2  4  8]
 [ 8 32  4  0]
 [ 4 16  2  0]
 [ 2  8  0  2]]

TIME TAKEN FOR STEP: 1.00318182842

*********************

BRANCHES: 28
AI SELECT ACTION: u
*********************
BEFORE: 
[[ 4  2  4  8]
 [ 8 32  4  0]
 [ 4 16  2  0]
 [ 2  8  0  2]]

*********************
AFTER: 
[[ 4  2  8  8]
 [ 8 32  2  2]
 [ 4 16  0  0]
 [ 2  8  2  0]]

TIME TAKEN FOR STEP: 1.31124871556

*********************

BRANCHES: 36
AI SELECT ACTION: d
*********************
BEFORE: 
[[ 4  2  8  8]
 [ 8 32  2  2]
 [ 4 16  0  0]
 [ 2  8  2  0]]

*********************
AFTER: 
[[ 4  2  0  0]
 [ 8 32  0  2]
 [ 4 16  8  8]
 [ 2  8  4  2]]

TIME TAKEN FOR STEP: 1.16471236137

*********************

BRANCHES: 24
AI SELECT ACTION: r
*********************
BEFORE: 
[[ 4  2  0  0]
 [ 8 32  0  2]
 [ 4 16  8  8]
 [ 2  8  4  2]]

*********************
AFTER: 
[[ 2  0  4  2]
 [ 0  8 32  2]
 [ 0  0  4 32]
 [ 2  8  4  2]]

TIME TAKEN FOR STEP: 1.00340819888

*********************

BRANCHES: 48
AI SELECT ACTION: d
*********************
BEFORE: 
[[ 2  0  4  2]
 [ 0  8 32  2]
 [ 0  0  4 32]
 [ 2  8  4  2]]

*********************
AFTER: 
[[ 0  2  0  0]
 [ 0  0  4  4]
 [ 0  0 32 32]
 [ 4 16  8  2]]

TIME TAKEN FOR STEP: 1.86912113348

*********************

BRANCHES: 64
AI SELECT ACTION: r
*********************
BEFORE: 
[[ 0  2  0  0]
 [ 0  0  4  4]
 [ 0  0 32 32]
 [ 4 16  8  2]]

*********************
AFTER: 
[[ 0  2  0  2]
 [ 0  0  0  8]
 [ 0  0  0 64]
 [ 4 16  8  2]]

TIME TAKEN FOR STEP: 2.97767979365

*********************

BRANCHES: 68
AI SELECT ACTION: l
*********************
BEFORE: 
[[ 0  2  0  2]
 [ 0  0  0  8]
 [ 0  0  0 64]
 [ 4 16  8  2]]

*********************
AFTER: 
[[ 4  0  0  0]
 [ 8  0  0  2]
 [64  0  0  0]
 [ 4 16  8  2]]

TIME TAKEN FOR STEP: 3.63762593091

*********************

BRANCHES: 68
AI SELECT ACTION: r
*********************
BEFORE: 
[[ 4  0  0  0]
 [ 8  0  0  2]
 [64  0  0  0]
 [ 4 16  8  2]]

*********************
AFTER: 
[[ 0  0  0  4]
 [ 0  0  8  2]
 [ 0  0  2 64]
 [ 4 16  8  2]]

TIME TAKEN FOR STEP: 3.38954761069

*********************

BRANCHES: 28
AI SELECT ACTION: u
*********************
BEFORE: 
[[ 0  0  0  4]
 [ 0  0  8  2]
 [ 0  0  2 64]
 [ 4 16  8  2]]

*********************
AFTER: 
[[ 4 16  8  4]
 [ 0  0  2  2]
 [ 0  2  8 64]
 [ 0  0  0  2]]

TIME TAKEN FOR STEP: 1.08956092427

*********************

BRANCHES: 52
AI SELECT ACTION: d
*********************
BEFORE: 
[[ 4 16  8  4]
 [ 0  0  2  2]
 [ 0  2  8 64]
 [ 0  0  0  2]]

*********************
AFTER: 
[[ 0  0  2  4]
 [ 0  0  8  2]
 [ 0 16  2 64]
 [ 4  2  8  2]]

TIME TAKEN FOR STEP: 2.18636451807

*********************

BRANCHES: 20
AI SELECT ACTION: l
*********************
BEFORE: 
[[ 0  0  2  4]
 [ 0  0  8  2]
 [ 0 16  2 64]
 [ 4  2  8  2]]

*********************
AFTER: 
[[ 2  4  0  0]
 [ 8  2  0  0]
 [16  2 64  2]
 [ 4  2  8  2]]

TIME TAKEN FOR STEP: 1.00196187732

*********************

BRANCHES: 32
AI SELECT ACTION: u
*********************
BEFORE: 
[[ 2  4  0  0]
 [ 8  2  0  0]
 [16  2 64  2]
 [ 4  2  8  2]]

*********************
AFTER: 
[[ 2  4 64  4]
 [ 8  4  8  2]
 [16  2  0  0]
 [ 4  0  0  0]]

TIME TAKEN FOR STEP: 1.05190678594

*********************

BRANCHES: 34
AI SELECT ACTION: d
*********************
BEFORE: 
[[ 2  4 64  4]
 [ 8  4  8  2]
 [16  2  0  0]
 [ 4  0  0  0]]

*********************
AFTER: 
[[ 2  0  0  0]
 [ 8  2  0  0]
 [16  8 64  4]
 [ 4  2  8  2]]

TIME TAKEN FOR STEP: 1.304823034

*********************

BRANCHES: 20
AI SELECT ACTION: u
*********************
BEFORE: 
[[ 2  0  0  0]
 [ 8  2  0  0]
 [16  8 64  4]
 [ 4  2  8  2]]

*********************
AFTER: 
[[ 2  2 64  4]
 [ 8  8  8  2]
 [16  2  0  2]
 [ 4  0  0  0]]

TIME TAKEN FOR STEP: 1.0024564948

*********************

BRANCHES: 50
AI SELECT ACTION: r
*********************
BEFORE: 
[[ 2  2 64  4]
 [ 8  8  8  2]
 [16  2  0  2]
 [ 4  0  0  0]]

*********************
AFTER: 
[[ 0  4 64  4]
 [ 0  8 16  2]
 [ 0  2 16  4]
 [ 0  0  0  4]]

TIME TAKEN FOR STEP: 1.74886390079

*********************

BRANCHES: 44
AI SELECT ACTION: d
*********************
BEFORE: 
[[ 0  4 64  4]
 [ 0  8 16  2]
 [ 0  2 16  4]
 [ 0  0  0  4]]

*********************
AFTER: 
[[ 0  0  0  2]
 [ 0  4  0  4]
 [ 0  8 64  2]
 [ 0  2 32  8]]

TIME TAKEN FOR STEP: 1.48246023998

*********************

BRANCHES: 46
AI SELECT ACTION: l
*********************
BEFORE: 
[[ 0  0  0  2]
 [ 0  4  0  4]
 [ 0  8 64  2]
 [ 0  2 32  8]]

*********************
AFTER: 
[[ 2  0  0  0]
 [ 8  2  0  0]
 [ 8 64  2  0]
 [ 2 32  8  0]]

TIME TAKEN FOR STEP: 1.5159002532

*********************

BRANCHES: 46
AI SELECT ACTION: r
*********************
BEFORE: 
[[ 2  0  0  0]
 [ 8  2  0  0]
 [ 8 64  2  0]
 [ 2 32  8  0]]

*********************
AFTER: 
[[ 0  0  0  2]
 [ 2  0  8  2]
 [ 0  8 64  2]
 [ 0  2 32  8]]

TIME TAKEN FOR STEP: 1.50574874301

*********************

BRANCHES: 52
AI SELECT ACTION: u
*********************
BEFORE: 
[[ 0  0  0  2]
 [ 2  0  8  2]
 [ 0  8 64  2]
 [ 0  2 32  8]]

*********************
AFTER: 
[[ 2  8  8  4]
 [ 0  2 64  2]
 [ 0  0 32  8]
 [ 0  0  4  0]]

TIME TAKEN FOR STEP: 1.81285800014

*********************

BRANCHES: 40
AI SELECT ACTION: l
*********************
BEFORE: 
[[ 2  8  8  4]
 [ 0  2 64  2]
 [ 0  0 32  8]
 [ 0  0  4  0]]

*********************
AFTER: 
[[ 2 16  4  0]
 [ 2 64  2  4]
 [32  8  0  0]
 [ 4  0  0  0]]

TIME TAKEN FOR STEP: 1.23662192064

*********************

BRANCHES: 40
AI SELECT ACTION: r
*********************
BEFORE: 
[[ 2 16  4  0]
 [ 2 64  2  4]
 [32  8  0  0]
 [ 4  0  0  0]]

*********************
AFTER: 
[[ 2  2 16  4]
 [ 2 64  2  4]
 [ 0  0 32  8]
 [ 0  0  0  4]]

TIME TAKEN FOR STEP: 1.27574015832

*********************

BRANCHES: 54
AI SELECT ACTION: l
*********************
BEFORE: 
[[ 2  2 16  4]
 [ 2 64  2  4]
 [ 0  0 32  8]
 [ 0  0  0  4]]

*********************
AFTER: 
[[ 4 16  4  0]
 [ 2 64  2  4]
 [32  8  0  0]
 [ 4  0  2  0]]

TIME TAKEN FOR STEP: 1.82426896761

*********************

BRANCHES: 46
AI SELECT ACTION: u
*********************
BEFORE: 
[[ 4 16  4  0]
 [ 2 64  2  4]
 [32  8  0  0]
 [ 4  0  2  0]]

*********************
AFTER: 
[[ 4 16  4  4]
 [ 2 64  4  0]
 [32  8  0  0]
 [ 4  0  4  0]]

TIME TAKEN FOR STEP: 1.14743630516

*********************

BRANCHES: 52
AI SELECT ACTION: r
*********************
BEFORE: 
[[ 4 16  4  4]
 [ 2 64  4  0]
 [32  8  0  0]
 [ 4  0  4  0]]

*********************
AFTER: 
[[ 0  4 16  8]
 [ 0  2 64  4]
 [ 0  0 32  8]
 [ 0  0  2  8]]

TIME TAKEN FOR STEP: 1.52607349178

*********************

BRANCHES: 40
AI SELECT ACTION: u
*********************
BEFORE: 
[[ 0  4 16  8]
 [ 0  2 64  4]
 [ 0  0 32  8]
 [ 0  0  2  8]]

*********************
AFTER: 
[[ 0  4 16  8]
 [ 0  2 64  4]
 [ 0  0 32 16]
 [ 4  0  2  0]]

TIME TAKEN FOR STEP: 1.32374649827

*********************

BRANCHES: 48
AI SELECT ACTION: u
*********************
BEFORE: 
[[ 0  4 16  8]
 [ 0  2 64  4]
 [ 0  0 32 16]
 [ 4  0  2  0]]

*********************
AFTER: 
[[ 4  4 16  8]
 [ 0  2 64  4]
 [ 0  0 32 16]
 [ 4  0  2  0]]

TIME TAKEN FOR STEP: 1.54994115553

*********************

BRANCHES: 48
AI SELECT ACTION: r
*********************
BEFORE: 
[[ 4  4 16  8]
 [ 0  2 64  4]
 [ 0  0 32 16]
 [ 4  0  2  0]]

*********************
AFTER: 
[[ 0  8 16  8]
 [ 0  2 64  4]
 [ 2  0 32 16]
 [ 0  0  4  2]]

TIME TAKEN FOR STEP: 1.25945965806

*********************

BRANCHES: 40
AI SELECT ACTION: r
*********************
BEFORE: 
[[ 0  8 16  8]
 [ 0  2 64  4]
 [ 2  0 32 16]
 [ 0  0  4  2]]

*********************
AFTER: 
[[ 4  8 16  8]
 [ 0  2 64  4]
 [ 0  2 32 16]
 [ 0  0  4  2]]

TIME TAKEN FOR STEP: 1.14342326654

*********************

BRANCHES: 28
AI SELECT ACTION: u
*********************
BEFORE: 
[[ 4  8 16  8]
 [ 0  2 64  4]
 [ 0  2 32 16]
 [ 0  0  4  2]]

*********************
AFTER: 
[[ 4  8 16  8]
 [ 0  4 64  4]
 [ 0  0 32 16]
 [ 2  0  4  2]]

TIME TAKEN FOR STEP: 1.00391624846

*********************

BRANCHES: 32
AI SELECT ACTION: r
*********************
BEFORE: 
[[ 4  8 16  8]
 [ 0  4 64  4]
 [ 0  0 32 16]
 [ 2  0  4  2]]

*********************
AFTER: 
[[ 4  8 16  8]
 [ 0  4 64  4]
 [ 0  2 32 16]
 [ 0  2  4  2]]

TIME TAKEN FOR STEP: 1.00203219833

*********************

BRANCHES: 26
AI SELECT ACTION: u
*********************
BEFORE: 
[[ 4  8 16  8]
 [ 0  4 64  4]
 [ 0  2 32 16]
 [ 0  2  4  2]]

*********************
AFTER: 
[[ 4  8 16  8]
 [ 0  4 64  4]
 [ 2  4 32 16]
 [ 0  0  4  2]]

TIME TAKEN FOR STEP: 1.00211200083

*********************

BRANCHES: 24
AI SELECT ACTION: u
*********************
BEFORE: 
[[ 4  8 16  8]
 [ 0  4 64  4]
 [ 2  4 32 16]
 [ 0  0  4  2]]

*********************
AFTER: 
[[ 4  8 16  8]
 [ 2  8 64  4]
 [ 0  2 32 16]
 [ 0  0  4  2]]

TIME TAKEN FOR STEP: 1.00276622332

*********************

BRANCHES: 22
AI SELECT ACTION: l
*********************
BEFORE: 
[[ 4  8 16  8]
 [ 2  8 64  4]
 [ 0  2 32 16]
 [ 0  0  4  2]]

*********************
AFTER: 
[[ 4  8 16  8]
 [ 2  8 64  4]
 [ 2 32 16  2]
 [ 4  2  0  0]]

TIME TAKEN FOR STEP: 1.00141234624

*********************

BRANCHES: 24
AI SELECT ACTION: u
*********************
BEFORE: 
[[ 4  8 16  8]
 [ 2  8 64  4]
 [ 2 32 16  2]
 [ 4  2  0  0]]

*********************
AFTER: 
[[ 4 16 16  8]
 [ 8 32 64  4]
 [ 0  2 16  2]
 [ 0  0  2  0]]

TIME TAKEN FOR STEP: 1.00347061866

*********************

BRANCHES: 28
AI SELECT ACTION: d
*********************
BEFORE: 
[[ 4 16 16  8]
 [ 8 32 64  4]
 [ 0  2 16  2]
 [ 0  0  2  0]]

*********************
AFTER: 
[[ 2  0 16  0]
 [ 0 16 64  8]
 [ 4 32 16  4]
 [ 8  2  2  2]]

TIME TAKEN FOR STEP: 1.0016655809

*********************

BRANCHES: 28
AI SELECT ACTION: l
*********************
BEFORE: 
[[ 2  0 16  0]
 [ 0 16 64  8]
 [ 4 32 16  4]
 [ 8  2  2  2]]

*********************
AFTER: 
[[ 2 16  4  0]
 [16 64  8  0]
 [ 4 32 16  4]
 [ 8  4  2  0]]

TIME TAKEN FOR STEP: 1.00188681556

*********************

BRANCHES: 18
AI SELECT ACTION: r
*********************
BEFORE: 
[[ 2 16  4  0]
 [16 64  8  0]
 [ 4 32 16  4]
 [ 8  4  2  0]]

*********************
AFTER: 
[[ 0  2 16  4]
 [ 2 16 64  8]
 [ 4 32 16  4]
 [ 0  8  4  2]]

TIME TAKEN FOR STEP: 1.00268286526

*********************

BRANCHES: 12
AI SELECT ACTION: d
*********************
BEFORE: 
[[ 0  2 16  4]
 [ 2 16 64  8]
 [ 4 32 16  4]
 [ 0  8  4  2]]

*********************
AFTER: 
[[ 0  2 16  4]
 [ 2 16 64  8]
 [ 2 32 16  4]
 [ 4  8  4  2]]

TIME TAKEN FOR STEP: 1.0017734328

*********************

BRANCHES: 12
AI SELECT ACTION: u
*********************
BEFORE: 
[[ 0  2 16  4]
 [ 2 16 64  8]
 [ 2 32 16  4]
 [ 4  8  4  2]]

*********************
AFTER: 
[[ 8  2 16  4]
 [ 0 16 64  8]
 [ 2 32 16  4]
 [ 0  8  4  2]]

TIME TAKEN FOR STEP: 1.00137560548

*********************

BRANCHES: 12
AI SELECT ACTION: l
*********************
BEFORE: 
[[ 8  2 16  4]
 [ 0 16 64  8]
 [ 2 32 16  4]
 [ 0  8  4  2]]

*********************
AFTER: 
[[ 8  2 16  4]
 [16 64  8  0]
 [ 2 32 16  4]
 [ 8  4  2  2]]

TIME TAKEN FOR STEP: 1.00253471705

*********************

BRANCHES: 20
AI SELECT ACTION: r
*********************
BEFORE: 
[[ 8  2 16  4]
 [16 64  8  0]
 [ 2 32 16  4]
 [ 8  4  2  2]]

*********************
AFTER: 
[[ 8  2 16  4]
 [ 0 16 64  8]
 [ 2 32 16  4]
 [ 0  0  2 16]]

TIME TAKEN FOR STEP: 1.00365195206

*********************

BRANCHES: 18
AI SELECT ACTION: u
*********************
BEFORE: 
[[ 8  2 16  4]
 [ 0 16 64  8]
 [ 2 32 16  4]
 [ 0  0  2 16]]

*********************
AFTER: 
[[ 8  2 16  4]
 [ 2 16 64  8]
 [ 2 32 16  4]
 [ 0  0  2 16]]

TIME TAKEN FOR STEP: 1.00184572912

*********************

BRANCHES: 16
AI SELECT ACTION: l
*********************
BEFORE: 
[[ 8  2 16  4]
 [ 2 16 64  8]
 [ 2 32 16  4]
 [ 0  0  2 16]]

*********************
AFTER: 
[[ 8  2 16  4]
 [ 2 16 64  8]
 [ 2 32 16  4]
 [ 2 16  0  2]]

TIME TAKEN FOR STEP: 1.00271288996

*********************

BRANCHES: 12
AI SELECT ACTION: l
*********************
BEFORE: 
[[ 8  2 16  4]
 [ 2 16 64  8]
 [ 2 32 16  4]
 [ 2 16  0  2]]

*********************
AFTER: 
[[ 8  2 16  4]
 [ 2 16 64  8]
 [ 2 32 16  4]
 [ 2 16  2  2]]

TIME TAKEN FOR STEP: 1.00162093891

*********************

BRANCHES: 8
AI SELECT ACTION: r
*********************
BEFORE: 
[[ 8  2 16  4]
 [ 2 16 64  8]
 [ 2 32 16  4]
 [ 2 16  2  2]]

*********************
AFTER: 
[[ 8  2 16  4]
 [ 2 16 64  8]
 [ 2 32 16  4]
 [ 4  2 16  4]]

TIME TAKEN FOR STEP: 1.00123614864

*********************

BRANCHES: 16
AI SELECT ACTION: d
*********************
BEFORE: 
[[ 8  2 16  4]
 [ 2 16 64  8]
 [ 2 32 16  4]
 [ 4  2 16  4]]

*********************
AFTER: 
[[ 0  2  2  0]
 [ 8 16 16  0]
 [ 4 32 64  4]
 [ 4  2 32 16]]

TIME TAKEN FOR STEP: 1.00198518597

*********************

BRANCHES: 38
AI SELECT ACTION: d
*********************
BEFORE: 
[[ 0  2  2  0]
 [ 8 16 16  0]
 [ 4 32 64  4]
 [ 4  2 32 16]]

*********************
AFTER: 
[[ 0  2  2  2]
 [ 0 16 16  0]
 [ 0 32 64  4]
 [16  2 32 16]]

TIME TAKEN FOR STEP: 1.00499634765

*********************

BRANCHES: 40
AI SELECT ACTION: u
*********************
BEFORE: 
[[ 0  2  2  2]
 [ 0 16 16  0]
 [ 0 32 64  4]
 [16  2 32 16]]

*********************
AFTER: 
[[16  2  2  2]
 [ 2 16 16  4]
 [ 0 32 64 16]
 [ 0  2 32  0]]

TIME TAKEN FOR STEP: 1.00152217344

*********************

BRANCHES: 26
AI SELECT ACTION: l
*********************
BEFORE: 
[[16  2  2  2]
 [ 2 16 16  4]
 [ 0 32 64 16]
 [ 0  2 32  0]]

*********************
AFTER: 
[[16  4  2  0]
 [ 2 32  4  4]
 [32 64 16  0]
 [ 2 32  0  0]]

TIME TAKEN FOR STEP: 1.00175407477

*********************

BRANCHES: 36
AI SELECT ACTION: l
*********************
BEFORE: 
[[16  4  2  0]
 [ 2 32  4  4]
 [32 64 16  0]
 [ 2 32  0  0]]

*********************
AFTER: 
[[16  4  2  0]
 [ 2 32  8  0]
 [32 64 16  0]
 [ 2 32  0  2]]

TIME TAKEN FOR STEP: 1.00190459335

*********************

BRANCHES: 32
AI SELECT ACTION: r
*********************
BEFORE: 
[[16  4  2  0]
 [ 2 32  8  0]
 [32 64 16  0]
 [ 2 32  0  2]]

*********************
AFTER: 
[[ 0 16  4  2]
 [ 0  2 32  8]
 [ 2 32 64 16]
 [ 0  2 32  2]]

TIME TAKEN FOR STEP: 1.00191565508

*********************

BRANCHES: 18
AI SELECT ACTION: d
*********************
BEFORE: 
[[ 0 16  4  2]
 [ 0  2 32  8]
 [ 2 32 64 16]
 [ 0  2 32  2]]

*********************
AFTER: 
[[ 0 16  4  2]
 [ 2  2 32  8]
 [ 0 32 64 16]
 [ 2  2 32  2]]

TIME TAKEN FOR STEP: 1.00132266719

*********************

BRANCHES: 28
AI SELECT ACTION: d
*********************
BEFORE: 
[[ 0 16  4  2]
 [ 2  2 32  8]
 [ 0 32 64 16]
 [ 2  2 32  2]]

*********************
AFTER: 
[[ 0 16  4  2]
 [ 2  2 32  8]
 [ 0 32 64 16]
 [ 4  2 32  2]]

TIME TAKEN FOR STEP: 1.00329323587

*********************

BRANCHES: 20
AI SELECT ACTION: u
*********************
BEFORE: 
[[ 0 16  4  2]
 [ 2  2 32  8]
 [ 0 32 64 16]
 [ 4  2 32  2]]

*********************
AFTER: 
[[ 2 16  4  2]
 [ 4  2 32  8]
 [ 0 32 64 16]
 [ 2  2 32  2]]

TIME TAKEN FOR STEP: 1.00314824816

*********************

BRANCHES: 12
AI SELECT ACTION: r
*********************
BEFORE: 
[[ 2 16  4  2]
 [ 4  2 32  8]
 [ 0 32 64 16]
 [ 2  2 32  2]]

*********************
AFTER: 
[[ 2 16  4  2]
 [ 4  2 32  8]
 [ 2 32 64 16]
 [ 0  4 32  2]]

TIME TAKEN FOR STEP: 1.00199190202

*********************

BRANCHES: 4
AI SELECT ACTION: l
*********************
BEFORE: 
[[ 2 16  4  2]
 [ 4  2 32  8]
 [ 2 32 64 16]
 [ 0  4 32  2]]

*********************
AFTER: 
[[ 2 16  4  2]
 [ 4  2 32  8]
 [ 2 32 64 16]
 [ 4 32  2  2]]

TIME TAKEN FOR STEP: 1.00162251916

*********************

BRANCHES: 8
AI SELECT ACTION: d
*********************
BEFORE: 
[[ 2 16  4  2]
 [ 4  2 32  8]
 [ 2 32 64 16]
 [ 4 32  2  2]]

*********************
AFTER: 
[[ 2  2  4  2]
 [ 4 16 32  8]
 [ 2  2 64 16]
 [ 4 64  2  2]]

TIME TAKEN FOR STEP: 1.00134716103

*********************

BRANCHES: 14
AI SELECT ACTION: r
*********************
BEFORE: 
[[ 2  2  4  2]
 [ 4 16 32  8]
 [ 2  2 64 16]
 [ 4 64  2  2]]

*********************
AFTER: 
[[ 0  4  4  2]
 [ 4 16 32  8]
 [ 0  4 64 16]
 [ 2  4 64  4]]

TIME TAKEN FOR STEP: 1.00216493913

*********************

BRANCHES: 28
AI SELECT ACTION: l
*********************
BEFORE: 
[[ 0  4  4  2]
 [ 4 16 32  8]
 [ 0  4 64 16]
 [ 2  4 64  4]]

*********************
AFTER: 
[[ 8  2  2  0]
 [ 4 16 32  8]
 [ 4 64 16  0]
 [ 2  4 64  4]]

TIME TAKEN FOR STEP: 1.00839625023

*********************

BRANCHES: 26
AI SELECT ACTION: r
*********************
BEFORE: 
[[ 8  2  2  0]
 [ 4 16 32  8]
 [ 4 64 16  0]
 [ 2  4 64  4]]

*********************
AFTER: 
[[ 0  0  8  4]
 [ 4 16 32  8]
 [ 2  4 64 16]
 [ 2  4 64  4]]

TIME TAKEN FOR STEP: 1.00087466701

*********************

BRANCHES: 26
AI SELECT ACTION: d
*********************
BEFORE: 
[[ 0  0  8  4]
 [ 4 16 32  8]
 [ 2  4 64 16]
 [ 2  4 64  4]]

*********************
AFTER: 
[[  2   0   0   4]
 [  0   0   8   8]
 [  0  16  32  16]
 [  8   8 128   4]]

TIME TAKEN FOR STEP: 1.00197293905

*********************

BRANCHES: 48
AI SELECT ACTION: r
*********************
BEFORE: 
[[  2   0   0   4]
 [  0   0   8   8]
 [  0  16  32  16]
 [  8   8 128   4]]

*********************
AFTER: 
[[  0   0   2   4]
 [  0   0   0  16]
 [  0  16  32  16]
 [  2  16 128   4]]

TIME TAKEN FOR STEP: 1.28618203899

*********************

BRANCHES: 44
AI SELECT ACTION: u
*********************
BEFORE: 
[[  0   0   2   4]
 [  0   0   0  16]
 [  0  16  32  16]
 [  2  16 128   4]]

*********************
AFTER: 
[[  2  32   2   4]
 [  0   0  32  32]
 [  0   0 128   4]
 [  0   0   0   2]]

TIME TAKEN FOR STEP: 1.00198123535

*********************

BRANCHES: 46
AI SELECT ACTION: r
*********************
BEFORE: 
[[  2  32   2   4]
 [  0   0  32  32]
 [  0   0 128   4]
 [  0   0   0   2]]

*********************
AFTER: 
[[  2  32   2   4]
 [  4   0   0  64]
 [  0   0 128   4]
 [  0   0   0   2]]

TIME TAKEN FOR STEP: 1.16548154686

*********************

BRANCHES: 56
AI SELECT ACTION: r
*********************
BEFORE: 
[[  2  32   2   4]
 [  4   0   0  64]
 [  0   0 128   4]
 [  0   0   0   2]]

*********************
AFTER: 
[[  2  32   2   4]
 [  0   2   4  64]
 [  0   0 128   4]
 [  0   0   0   2]]

TIME TAKEN FOR STEP: 1.53343072926

*********************

BRANCHES: 24
AI SELECT ACTION: l
*********************
BEFORE: 
[[  2  32   2   4]
 [  0   2   4  64]
 [  0   0 128   4]
 [  0   0   0   2]]

*********************
AFTER: 
[[  2  32   2   4]
 [  2   4  64   0]
 [128   4   0   0]
 [  2   4   0   0]]

TIME TAKEN FOR STEP: 1.00313086543

*********************

BRANCHES: 38
AI SELECT ACTION: d
*********************
BEFORE: 
[[  2  32   2   4]
 [  2   4  64   0]
 [128   4   0   0]
 [  2   4   0   0]]

*********************
AFTER: 
[[  0   2   0   0]
 [  4  32   0   0]
 [128   4   2   0]
 [  2   8  64   4]]

TIME TAKEN FOR STEP: 1.00189195136

*********************

BRANCHES: 36
AI SELECT ACTION: l
*********************
BEFORE: 
[[  0   2   0   0]
 [  4  32   0   0]
 [128   4   2   0]
 [  2   8  64   4]]

*********************
AFTER: 
[[  2   0   0   0]
 [  4  32   0   0]
 [128   4   2   2]
 [  2   8  64   4]]

TIME TAKEN FOR STEP: 1.18864876589

*********************

BRANCHES: 36
AI SELECT ACTION: r
*********************
BEFORE: 
[[  2   0   0   0]
 [  4  32   0   0]
 [128   4   2   2]
 [  2   8  64   4]]

*********************
AFTER: 
[[  0   2   0   2]
 [  0   0   4  32]
 [  0   0 128   8]
 [  2   8  64   4]]

TIME TAKEN FOR STEP: 1.00157471667

*********************

BRANCHES: 52
AI SELECT ACTION: u
*********************
BEFORE: 
[[  0   2   0   2]
 [  0   0   4  32]
 [  0   0 128   8]
 [  2   8  64   4]]

*********************
AFTER: 
[[  2   2   4   2]
 [  0   8 128  32]
 [  0   0  64   8]
 [  0   4   0   4]]

TIME TAKEN FOR STEP: 1.46869075306

*********************

BRANCHES: 50
AI SELECT ACTION: d
*********************
BEFORE: 
[[  2   2   4   2]
 [  0   8 128  32]
 [  0   0  64   8]
 [  0   4   0   4]]

*********************
AFTER: 
[[  0   2   0   2]
 [  0   2   4  32]
 [  0   8 128   8]
 [  2   4  64   4]]

TIME TAKEN FOR STEP: 1.07069197854

*********************

BRANCHES: 40
AI SELECT ACTION: d
*********************
BEFORE: 
[[  0   2   0   2]
 [  0   2   4  32]
 [  0   8 128   8]
 [  2   4  64   4]]

*********************
AFTER: 
[[  0   0   2   2]
 [  0   4   4  32]
 [  0   8 128   8]
 [  2   4  64   4]]

TIME TAKEN FOR STEP: 1.00178488959

*********************

BRANCHES: 32
AI SELECT ACTION: l
*********************
BEFORE: 
[[  0   0   2   2]
 [  0   4   4  32]
 [  0   8 128   8]
 [  2   4  64   4]]

*********************
AFTER: 
[[  4   0   2   0]
 [  8  32   0   0]
 [  8 128   8   0]
 [  2   4  64   4]]

TIME TAKEN FOR STEP: 1.0019413341

*********************

BRANCHES: 44
AI SELECT ACTION: u
*********************
BEFORE: 
[[  4   0   2   0]
 [  8  32   0   0]
 [  8 128   8   0]
 [  2   4  64   4]]

*********************
AFTER: 
[[  4  32   2   4]
 [ 16 128   8   0]
 [  2   4  64   0]
 [  2   0   0   0]]

TIME TAKEN FOR STEP: 1.00198834646

*********************

BRANCHES: 34
AI SELECT ACTION: r
*********************
BEFORE: 
[[  4  32   2   4]
 [ 16 128   8   0]
 [  2   4  64   0]
 [  2   0   0   0]]

*********************
AFTER: 
[[  4  32   2   4]
 [  2  16 128   8]
 [  0   2   4  64]
 [  0   0   0   2]]

TIME TAKEN FOR STEP: 1.00141629686

*********************

BRANCHES: 16
AI SELECT ACTION: l
*********************
BEFORE: 
[[  4  32   2   4]
 [  2  16 128   8]
 [  0   2   4  64]
 [  0   0   0   2]]

*********************
AFTER: 
[[  4  32   2   4]
 [  2  16 128   8]
 [  2   4  64   0]
 [  2   0   0   2]]

TIME TAKEN FOR STEP: 1.00169995129

*********************

BRANCHES: 32
AI SELECT ACTION: u
*********************
BEFORE: 
[[  4  32   2   4]
 [  2  16 128   8]
 [  2   4  64   0]
 [  2   0   0   2]]

*********************
AFTER: 
[[  4  32   2   4]
 [  4  16 128   8]
 [  2   4  64   2]
 [  0   0   2   0]]

TIME TAKEN FOR STEP: 1.00224948237

*********************

BRANCHES: 28
AI SELECT ACTION: l
*********************
BEFORE: 
[[  4  32   2   4]
 [  4  16 128   8]
 [  2   4  64   2]
 [  0   0   2   0]]

*********************
AFTER: 
[[  4  32   2   4]
 [  4  16 128   8]
 [  2   4  64   2]
 [  2   0   2   0]]

TIME TAKEN FOR STEP: 1.00391980402

*********************

BRANCHES: 28
AI SELECT ACTION: d
*********************
BEFORE: 
[[  4  32   2   4]
 [  4  16 128   8]
 [  2   4  64   2]
 [  2   0   2   0]]

*********************
AFTER: 
[[  0   2   2   0]
 [  0  32 128   4]
 [  4  16  64   8]
 [  8   4   2   2]]

TIME TAKEN FOR STEP: 1.00265165537

*********************

BRANCHES: 30
AI SELECT ACTION: u
*********************
BEFORE: 
[[  0   2   2   0]
 [  0  32 128   4]
 [  4  16  64   8]
 [  8   4   2   2]]

*********************
AFTER: 
[[  4   2   2   4]
 [  8  32 128   8]
 [  0  16  64   2]
 [  2   4   2   0]]

TIME TAKEN FOR STEP: 1.00265521093

*********************

BRANCHES: 24
AI SELECT ACTION: r
*********************
BEFORE: 
[[  4   2   2   4]
 [  8  32 128   8]
 [  0  16  64   2]
 [  2   4   2   0]]

*********************
AFTER: 
[[  0   0   8   4]
 [  8  32 128   8]
 [  0  16  64   2]
 [  4   2   4   2]]

TIME TAKEN FOR STEP: 1.00205471686

*********************

BRANCHES: 22
AI SELECT ACTION: l
*********************
BEFORE: 
[[  0   0   8   4]
 [  8  32 128   8]
 [  0  16  64   2]
 [  4   2   4   2]]

*********************
AFTER: 
[[  8   4   0   0]
 [  8  32 128   8]
 [ 16  64   2   2]
 [  4   2   4   2]]

TIME TAKEN FOR STEP: 1.00207288971

*********************

BRANCHES: 30
AI SELECT ACTION: d
*********************
BEFORE: 
[[  8   4   0   0]
 [  8  32 128   8]
 [ 16  64   2   2]
 [  4   2   4   2]]

*********************
AFTER: 
[[  0   4   2   0]
 [ 16  32 128   0]
 [ 16  64   2   8]
 [  4   2   4   4]]

TIME TAKEN FOR STEP: 1.00390874228

*********************

BRANCHES: 32
AI SELECT ACTION: u
*********************
BEFORE: 
[[  0   4   2   0]
 [ 16  32 128   0]
 [ 16  64   2   8]
 [  4   2   4   4]]

*********************
AFTER: 
[[ 32   4   2   8]
 [  4  32 128   4]
 [  2  64   2   0]
 [  0   2   4   0]]

TIME TAKEN FOR STEP: 1.0027290875

*********************

BRANCHES: 18
AI SELECT ACTION: d
*********************
BEFORE: 
[[ 32   4   2   8]
 [  4  32 128   4]
 [  2  64   2   0]
 [  0   2   4   0]]

*********************
AFTER: 
[[  2   4   2   0]
 [ 32  32 128   0]
 [  4  64   2   8]
 [  2   2   4   4]]

TIME TAKEN FOR STEP: 1.0023600997

*********************

BRANCHES: 24
AI SELECT ACTION: l
*********************
BEFORE: 
[[  2   4   2   0]
 [ 32  32 128   0]
 [  4  64   2   8]
 [  2   2   4   4]]

*********************
AFTER: 
[[  2   4   2   0]
 [ 64 128   2   0]
 [  4  64   2   8]
 [  8   4   0   0]]

TIME TAKEN FOR STEP: 1.00201679092

*********************

BRANCHES: 28
AI SELECT ACTION: r
*********************
BEFORE: 
[[  2   4   2   0]
 [ 64 128   2   0]
 [  4  64   2   8]
 [  8   4   0   0]]

*********************
AFTER: 
[[  0   2   4   2]
 [  2  64 128   2]
 [  4  64   2   8]
 [  0   0   8   4]]

TIME TAKEN FOR STEP: 1.0018315069

*********************

BRANCHES: 26
AI SELECT ACTION: u
*********************
BEFORE: 
[[  0   2   4   2]
 [  2  64 128   2]
 [  4  64   2   8]
 [  0   0   8   4]]

*********************
AFTER: 
[[  2   2   4   4]
 [  4 128 128   8]
 [  0   0   2   4]
 [  0   4   8   0]]

TIME TAKEN FOR STEP: 1.00252642075

*********************

BRANCHES: 44
AI SELECT ACTION: l
*********************
BEFORE: 
[[  2   2   4   4]
 [  4 128 128   8]
 [  0   0   2   4]
 [  0   4   8   0]]

*********************
AFTER: 
[[  8   4   0   0]
 [  4 256   8   0]
 [  2   4   0   2]
 [  4   8   0   0]]

TIME TAKEN FOR STEP: 1.45747139061

*********************

BRANCHES: 48
AI SELECT ACTION: d
*********************
BEFORE: 
[[  8   4   0   0]
 [  4 256   8   0]
 [  2   4   0   2]
 [  4   8   0   0]]

*********************
AFTER: 
[[  8   4   2   0]
 [  4 256   0   0]
 [  2   4   0   0]
 [  4   8   8   2]]

TIME TAKEN FOR STEP: 1.46941253113

*********************

BRANCHES: 44
AI SELECT ACTION: u
*********************
BEFORE: 
[[  8   4   2   0]
 [  4 256   0   0]
 [  2   4   0   0]
 [  4   8   8   2]]

*********************
AFTER: 
[[  8   4   2   2]
 [  4 256   8   2]
 [  2   4   0   0]
 [  4   8   0   0]]

TIME TAKEN FOR STEP: 1.20740116836

*********************

BRANCHES: 44
AI SELECT ACTION: l
*********************
BEFORE: 
[[  8   4   2   2]
 [  4 256   8   2]
 [  2   4   0   0]
 [  4   8   0   0]]

*********************
AFTER: 
[[  8   4   4   0]
 [  4 256   8   2]
 [  2   4   0   0]
 [  4   8   0   4]]

TIME TAKEN FOR STEP: 1.45365548786

*********************

BRANCHES: 38
AI SELECT ACTION: r
*********************
BEFORE: 
[[  8   4   4   0]
 [  4 256   8   2]
 [  2   4   0   0]
 [  4   8   0   4]]

*********************
AFTER: 
[[  0   0   0  16]
 [  4 256   8   2]
 [  2   0   2   4]
 [  0   4   8   4]]

TIME TAKEN FOR STEP: 1.10553762194

*********************

BRANCHES: 50
AI SELECT ACTION: u
*********************
BEFORE: 
[[  0   0   0  16]
 [  4 256   8   2]
 [  2   0   2   4]
 [  0   4   8   4]]

*********************
AFTER: 
[[  4 256   8  16]
 [  2   4   2   2]
 [  0   0   8   8]
 [  2   0   0   0]]

TIME TAKEN FOR STEP: 1.43164856559

*********************

BRANCHES: 56
AI SELECT ACTION: d
*********************
BEFORE: 
[[  4 256   8  16]
 [  2   4   2   2]
 [  0   0   8   8]
 [  2   0   0   0]]

*********************
AFTER: 
[[  0   2   0   0]
 [  0   0   8  16]
 [  0 256   2   2]
 [  8   4   8   8]]

TIME TAKEN FOR STEP: 1.71750744395

*********************

BRANCHES: 56
AI SELECT ACTION: r
*********************
BEFORE: 
[[  0   2   0   0]
 [  0   0   8  16]
 [  0 256   2   2]
 [  8   4   8   8]]

*********************
AFTER: 
[[  0   0   0   2]
 [  0   0   8  16]
 [  0   2 256   4]
 [  0   8   4  16]]

TIME TAKEN FOR STEP: 1.46886497535

*********************

BRANCHES: 28
AI SELECT ACTION: u
*********************
BEFORE: 
[[  0   0   0   2]
 [  0   0   8  16]
 [  0   2 256   4]
 [  0   8   4  16]]

*********************
AFTER: 
[[  0   2   8   2]
 [  0   8 256  16]
 [  2   0   4   4]
 [  0   0   0  16]]

TIME TAKEN FOR STEP: 1.00432395233

*********************

BRANCHES: 52
AI SELECT ACTION: l
*********************
BEFORE: 
[[  0   2   8   2]
 [  0   8 256  16]
 [  2   0   4   4]
 [  0   0   0  16]]

*********************
AFTER: 
[[  2   8   2   0]
 [  8 256  16   0]
 [  2   8   0   0]
 [ 16   2   0   0]]

TIME TAKEN FOR STEP: 1.34382591361

*********************

BRANCHES: 24
AI SELECT ACTION: d
*********************
BEFORE: 
[[  2   8   2   0]
 [  8 256  16   0]
 [  2   8   0   0]
 [ 16   2   0   0]]

*********************
AFTER: 
[[  2   8   0   0]
 [  8 256   0   0]
 [  2   8   2   2]
 [ 16   2  16   0]]

TIME TAKEN FOR STEP: 1.00403476703

*********************

BRANCHES: 44
AI SELECT ACTION: l
*********************
BEFORE: 
[[  2   8   0   0]
 [  8 256   0   0]
 [  2   8   2   2]
 [ 16   2  16   0]]

*********************
AFTER: 
[[  2   8   2   0]
 [  8 256   0   0]
 [  2   8   4   0]
 [ 16   2  16   0]]

TIME TAKEN FOR STEP: 1.2442363434

*********************

BRANCHES: 30
AI SELECT ACTION: d
*********************
BEFORE: 
[[  2   8   2   0]
 [  8 256   0   0]
 [  2   8   4   0]
 [ 16   2  16   0]]

*********************
AFTER: 
[[  2   8   2   0]
 [  8 256   2   0]
 [  2   8   4   0]
 [ 16   2  16   0]]

TIME TAKEN FOR STEP: 1.00209896379

*********************

BRANCHES: 30
AI SELECT ACTION: r
*********************
BEFORE: 
[[  2   8   2   0]
 [  8 256   2   0]
 [  2   8   4   0]
 [ 16   2  16   0]]

*********************
AFTER: 
[[  0   2   8   2]
 [  0   8 256   2]
 [  2   2   8   4]
 [  0  16   2  16]]

TIME TAKEN FOR STEP: 1.00384276695

*********************

BRANCHES: 34
AI SELECT ACTION: l
*********************
BEFORE: 
[[  0   2   8   2]
 [  0   8 256   2]
 [  2   2   8   4]
 [  0  16   2  16]]

*********************
AFTER: 
[[  2   8   2   0]
 [  8 256   2   0]
 [  4   8   4   2]
 [ 16   2  16   0]]

TIME TAKEN FOR STEP: 1.00247150715

*********************

BRANCHES: 24
AI SELECT ACTION: d
*********************
BEFORE: 
[[  2   8   2   0]
 [  8 256   2   0]
 [  4   8   4   2]
 [ 16   2  16   0]]

*********************
AFTER: 
[[  2   8   0   2]
 [  8 256   4   0]
 [  4   8   4   0]
 [ 16   2  16   2]]

TIME TAKEN FOR STEP: 1.00160513644

*********************

BRANCHES: 32
AI SELECT ACTION: d
*********************
BEFORE: 
[[  2   8   0   2]
 [  8 256   4   0]
 [  4   8   4   0]
 [ 16   2  16   2]]

*********************
AFTER: 
[[  2   8   2   0]
 [  8 256   0   0]
 [  4   8   8   0]
 [ 16   2  16   4]]

TIME TAKEN FOR STEP: 1.00162844509

*********************

BRANCHES: 36
AI SELECT ACTION: r
*********************
BEFORE: 
[[  2   8   2   0]
 [  8 256   0   0]
 [  4   8   8   0]
 [ 16   2  16   4]]

*********************
AFTER: 
[[  2   2   8   2]
 [  0   0   8 256]
 [  0   0   4  16]
 [ 16   2  16   4]]

TIME TAKEN FOR STEP: 1.00186074148

*********************

BRANCHES: 44
AI SELECT ACTION: d
*********************
BEFORE: 
[[  2   2   8   2]
 [  0   0   8 256]
 [  0   0   4  16]
 [ 16   2  16   4]]

*********************
AFTER: 
[[  0   0   0   2]
 [  2   0  16 256]
 [  2   0   4  16]
 [ 16   4  16   4]]

TIME TAKEN FOR STEP: 1.03482865573

*********************

BRANCHES: 44
AI SELECT ACTION: l
*********************
BEFORE: 
[[  0   0   0   2]
 [  2   0  16 256]
 [  2   0   4  16]
 [ 16   4  16   4]]

*********************
AFTER: 
[[  2   0   0   0]
 [  2  16 256   0]
 [  2   4  16   2]
 [ 16   4  16   4]]

TIME TAKEN FOR STEP: 1.50696000275

*********************

BRANCHES: 36
AI SELECT ACTION: u
*********************
BEFORE: 
[[  2   0   0   0]
 [  2  16 256   0]
 [  2   4  16   2]
 [ 16   4  16   4]]

*********************
AFTER: 
[[  4  16 256   2]
 [  2   8  32   4]
 [ 16   0   0   0]
 [  0   0   2   0]]

TIME TAKEN FOR STEP: 1.20012175807

*********************

BRANCHES: 48
AI SELECT ACTION: u
*********************
BEFORE: 
[[  4  16 256   2]
 [  2   8  32   4]
 [ 16   0   0   0]
 [  0   0   2   0]]

*********************
AFTER: 
[[  4  16 256   2]
 [  2   8  32   4]
 [ 16   2   2   0]
 [  0   0   0   0]]

TIME TAKEN FOR STEP: 1.36621367554

*********************

BRANCHES: 34
AI SELECT ACTION: l
*********************
BEFORE: 
[[  4  16 256   2]
 [  2   8  32   4]
 [ 16   2   2   0]
 [  0   0   0   0]]

*********************
AFTER: 
[[  4  16 256   2]
 [  2   8  32   4]
 [ 16   4   2   0]
 [  0   0   0   0]]

TIME TAKEN FOR STEP: 1.03478203843

*********************

BRANCHES: 20
AI SELECT ACTION: d
*********************
BEFORE: 
[[  4  16 256   2]
 [  2   8  32   4]
 [ 16   4   2   0]
 [  0   0   0   0]]

*********************
AFTER: 
[[  2   0   0   0]
 [  4  16 256   0]
 [  2   8  32   2]
 [ 16   4   2   4]]

TIME TAKEN FOR STEP: 1.00159842038

*********************

BRANCHES: 16
AI SELECT ACTION: r
*********************
BEFORE: 
[[  2   0   0   0]
 [  4  16 256   0]
 [  2   8  32   2]
 [ 16   4   2   4]]

*********************
AFTER: 
[[  2   0   0   2]
 [  0   4  16 256]
 [  2   8  32   2]
 [ 16   4   2   4]]

TIME TAKEN FOR STEP: 1.00195239583

*********************

BRANCHES: 32
AI SELECT ACTION: r
*********************
BEFORE: 
[[  2   0   0   2]
 [  0   4  16 256]
 [  2   8  32   2]
 [ 16   4   2   4]]

*********************
AFTER: 
[[  0   0   2   4]
 [  0   4  16 256]
 [  2   8  32   2]
 [ 16   4   2   4]]

TIME TAKEN FOR STEP: 1.00239723551

*********************

BRANCHES: 12
AI SELECT ACTION: l
*********************
BEFORE: 
[[  0   0   2   4]
 [  0   4  16 256]
 [  2   8  32   2]
 [ 16   4   2   4]]

*********************
AFTER: 
[[  2   4   2   0]
 [  4  16 256   0]
 [  2   8  32   2]
 [ 16   4   2   4]]

TIME TAKEN FOR STEP: 1.00360889031

*********************

BRANCHES: 8
AI SELECT ACTION: r
*********************
BEFORE: 
[[  2   4   2   0]
 [  4  16 256   0]
 [  2   8  32   2]
 [ 16   4   2   4]]

*********************
AFTER: 
[[  2   2   4   2]
 [  0   4  16 256]
 [  2   8  32   2]
 [ 16   4   2   4]]

TIME TAKEN FOR STEP: 1.23387782079

*********************

BRANCHES: 18
AI SELECT ACTION: r
*********************
BEFORE: 
[[  2   2   4   2]
 [  0   4  16 256]
 [  2   8  32   2]
 [ 16   4   2   4]]

*********************
AFTER: 
[[  0   4   4   2]
 [  2   4  16 256]
 [  2   8  32   2]
 [ 16   4   2   4]]

TIME TAKEN FOR STEP: 1.00140246969

*********************

BRANCHES: 22
AI SELECT ACTION: u
*********************
BEFORE: 
[[  0   4   4   2]
 [  2   4  16 256]
 [  2   8  32   2]
 [ 16   4   2   4]]

*********************
AFTER: 
[[  4  16   4   2]
 [ 16   4  16 256]
 [  0   2  32   2]
 [  0   0   2   4]]

TIME TAKEN FOR STEP: 1.00237432193

*********************

BRANCHES: 12
AI SELECT ACTION: l
*********************
BEFORE: 
[[  4  16   4   2]
 [ 16   4  16 256]
 [  0   2  32   2]
 [  0   0   2   4]]

*********************
AFTER: 
[[  4  16   4   2]
 [ 16   4  16 256]
 [  2  32   2   0]
 [  2   4   2   0]]

TIME TAKEN FOR STEP: 1.00186706247

*********************

BRANCHES: 20
AI SELECT ACTION: d
*********************
BEFORE: 
[[  4  16   4   2]
 [ 16   4  16 256]
 [  2  32   2   0]
 [  2   4   2   0]]

*********************
AFTER: 
[[  0  16   0   2]
 [  4   4   4   0]
 [ 16  32  16   2]
 [  4   4   4 256]]

TIME TAKEN FOR STEP: 1.00252563063

*********************

BRANCHES: 36
AI SELECT ACTION: l
*********************
BEFORE: 
[[  0  16   0   2]
 [  4   4   4   0]
 [ 16  32  16   2]
 [  4   4   4 256]]

*********************
AFTER: 
[[ 16   2   0   0]
 [  8   4   2   0]
 [ 16  32  16   2]
 [  8   4 256   0]]

TIME TAKEN FOR STEP: 1.00271644552

*********************

BRANCHES: 24
AI SELECT ACTION: d
*********************
BEFORE: 
[[ 16   2   0   0]
 [  8   4   2   0]
 [ 16  32  16   2]
 [  8   4 256   0]]

*********************
AFTER: 
[[ 16   2   2   0]
 [  8   4   2   0]
 [ 16  32  16   0]
 [  8   4 256   2]]

TIME TAKEN FOR STEP: 1.00385501387

*********************

BRANCHES: 32
AI SELECT ACTION: u
*********************
BEFORE: 
[[ 16   2   2   0]
 [  8   4   2   0]
 [ 16  32  16   0]
 [  8   4 256   2]]

*********************
AFTER: 
[[ 16   2   4   2]
 [  8   4  16   0]
 [ 16  32 256   2]
 [  8   4   0   0]]

TIME TAKEN FOR STEP: 1.00205195143

*********************

BRANCHES: 22
AI SELECT ACTION: u
*********************
BEFORE: 
[[ 16   2   4   2]
 [  8   4  16   0]
 [ 16  32 256   2]
 [  8   4   0   0]]

*********************
AFTER: 
[[ 16   2   4   4]
 [  8   4  16   0]
 [ 16  32 256   0]
 [  8   4   2   0]]

TIME TAKEN FOR STEP: 1.00206182798

*********************

BRANCHES: 22
AI SELECT ACTION: l
*********************
BEFORE: 
[[ 16   2   4   4]
 [  8   4  16   0]
 [ 16  32 256   0]
 [  8   4   2   0]]

*********************
AFTER: 
[[ 16   2   8   2]
 [  8   4  16   0]
 [ 16  32 256   0]
 [  8   4   2   0]]

TIME TAKEN FOR STEP: 1.00262637141

*********************

BRANCHES: 12
AI SELECT ACTION: r
*********************
BEFORE: 
[[ 16   2   8   2]
 [  8   4  16   0]
 [ 16  32 256   0]
 [  8   4   2   0]]

*********************
AFTER: 
[[ 16   2   8   2]
 [  0   8   4  16]
 [  2  16  32 256]
 [  0   8   4   2]]

TIME TAKEN FOR STEP: 1.0020325934

*********************

BRANCHES: 12
AI SELECT ACTION: d
*********************
BEFORE: 
[[ 16   2   8   2]
 [  0   8   4  16]
 [  2  16  32 256]
 [  0   8   4   2]]

*********************
AFTER: 
[[  0   2   8   2]
 [  2   8   4  16]
 [ 16  16  32 256]
 [  2   8   4   2]]

TIME TAKEN FOR STEP: 1.00295743327

*********************

BRANCHES: 12
AI SELECT ACTION: u
*********************
BEFORE: 
[[  0   2   8   2]
 [  2   8   4  16]
 [ 16  16  32 256]
 [  2   8   4   2]]

*********************
AFTER: 
[[  2   2   8   2]
 [ 16   8   4  16]
 [  2  16  32 256]
 [  2   8   4   2]]

TIME TAKEN FOR STEP: 1.00261096399

*********************

BRANCHES: 8
AI SELECT ACTION: r
*********************
BEFORE: 
[[  2   2   8   2]
 [ 16   8   4  16]
 [  2  16  32 256]
 [  2   8   4   2]]

*********************
AFTER: 
[[  2   4   8   2]
 [ 16   8   4  16]
 [  2  16  32 256]
 [  2   8   4   2]]

TIME TAKEN FOR STEP: 1.00219101321

*********************

BRANCHES: 4
AI SELECT ACTION: d
*********************
BEFORE: 
[[  2   4   8   2]
 [ 16   8   4  16]
 [  2  16  32 256]
 [  2   8   4   2]]

*********************
AFTER: 
[[  2   4   8   2]
 [  2   8   4  16]
 [ 16  16  32 256]
 [  4   8   4   2]]

TIME TAKEN FOR STEP: 1.00242054417

*********************

BRANCHES: 10
AI SELECT ACTION: l
*********************
BEFORE: 
[[  2   4   8   2]
 [  2   8   4  16]
 [ 16  16  32 256]
 [  4   8   4   2]]

*********************
AFTER: 
[[  2   4   8   2]
 [  2   8   4  16]
 [ 64 256   0   2]
 [  4   8   4   2]]

TIME TAKEN FOR STEP: 1.00131871657

*********************

BRANCHES: 22
AI SELECT ACTION: l
*********************
BEFORE: 
[[  2   4   8   2]
 [  2   8   4  16]
 [ 64 256   0   2]
 [  4   8   4   2]]

*********************
AFTER: 
[[  2   4   8   2]
 [  2   8   4  16]
 [ 64 256   2   2]
 [  4   8   4   2]]

TIME TAKEN FOR STEP: 1.00191051927

*********************

BRANCHES: 12
AI SELECT ACTION: u
*********************
BEFORE: 
[[  2   4   8   2]
 [  2   8   4  16]
 [ 64 256   2   2]
 [  4   8   4   2]]

*********************
AFTER: 
[[  4   4   8   2]
 [ 64   8   4  16]
 [  4 256   2   4]
 [  2   8   4   0]]

TIME TAKEN FOR STEP: 1.00293926042

*********************

BRANCHES: 12
AI SELECT ACTION: r
*********************
BEFORE: 
[[  4   4   8   2]
 [ 64   8   4  16]
 [  4 256   2   4]
 [  2   8   4   0]]

*********************
AFTER: 
[[  0   8   8   2]
 [ 64   8   4  16]
 [  4 256   2   4]
 [  2   2   8   4]]

TIME TAKEN FOR STEP: 1.00234232191

*********************

BRANCHES: 24
AI SELECT ACTION: l
*********************
BEFORE: 
[[  0   8   8   2]
 [ 64   8   4  16]
 [  4 256   2   4]
 [  2   2   8   4]]

*********************
AFTER: 
[[ 16   2   0   0]
 [ 64   8   4  16]
 [  4 256   2   4]
 [  4   8   4   2]]

TIME TAKEN FOR STEP: 1.00143644501

*********************

BRANCHES: 16
AI SELECT ACTION: u
*********************
BEFORE: 
[[ 16   2   0   0]
 [ 64   8   4  16]
 [  4 256   2   4]
 [  4   8   4   2]]

*********************
AFTER: 
[[ 16   2   4  16]
 [ 64   8   2   4]
 [  8 256   4   2]
 [  0   8   0   2]]

TIME TAKEN FOR STEP: 1.00225382805

*********************

BRANCHES: 22
AI SELECT ACTION: u
*********************
BEFORE: 
[[ 16   2   4  16]
 [ 64   8   2   4]
 [  8 256   4   2]
 [  0   8   0   2]]

*********************
AFTER: 
[[ 16   2   4  16]
 [ 64   8   2   4]
 [  8 256   4   4]
 [  0   8   2   0]]

TIME TAKEN FOR STEP: 1.00189866742

*********************

BRANCHES: 24
AI SELECT ACTION: d
*********************
BEFORE: 
[[ 16   2   4  16]
 [ 64   8   2   4]
 [  8 256   4   4]
 [  0   8   2   0]]

*********************
AFTER: 
[[  0   2   4   0]
 [ 16   8   2   2]
 [ 64 256   4  16]
 [  8   8   2   8]]

TIME TAKEN FOR STEP: 1.0022554083

*********************

BRANCHES: 20
AI SELECT ACTION: l
*********************
BEFORE: 
[[  0   2   4   0]
 [ 16   8   2   2]
 [ 64 256   4  16]
 [  8   8   2   8]]

*********************
AFTER: 
[[  2   4   0   0]
 [ 16   8   4   0]
 [ 64 256   4  16]
 [ 16   2   8   2]]

TIME TAKEN FOR STEP: 1.00465185369

*********************

BRANCHES: 24
AI SELECT ACTION: u
*********************
BEFORE: 
[[  2   4   0   0]
 [ 16   8   4   0]
 [ 64 256   4  16]
 [ 16   2   8   2]]

*********************
AFTER: 
[[  2   4  16  16]
 [ 16   8   0   2]
 [ 64 256   0   0]
 [ 16   2   0   2]]

TIME TAKEN FOR STEP: 1.00137916104

*********************

BRANCHES: 44
AI SELECT ACTION: r
*********************
BEFORE: 
[[  2   4  16  16]
 [ 16   8   0   2]
 [ 64 256   0   0]
 [ 16   2   0   2]]

*********************
AFTER: 
[[  2   2   4  32]
 [  0  16   8   2]
 [  0   0  64 256]
 [  0   0  16   4]]

TIME TAKEN FOR STEP: 1.00206459341

*********************

BRANCHES: 36
AI SELECT ACTION: r
*********************
BEFORE: 
[[  2   2   4  32]
 [  0  16   8   2]
 [  0   0  64 256]
 [  0   0  16   4]]

*********************
AFTER: 
[[  0   4   4  32]
 [  0  16   8   2]
 [  0   2  64 256]
 [  0   0  16   4]]

TIME TAKEN FOR STEP: 1.00225461817

*********************

BRANCHES: 34
AI SELECT ACTION: r
*********************
BEFORE: 
[[  0   4   4  32]
 [  0  16   8   2]
 [  0   2  64 256]
 [  0   0  16   4]]

*********************
AFTER: 
[[  0   0   8  32]
 [  0  16   8   2]
 [  4   2  64 256]
 [  0   0  16   4]]

TIME TAKEN FOR STEP: 1.00308187776

*********************

BRANCHES: 34
AI SELECT ACTION: d
*********************
BEFORE: 
[[  0   0   8  32]
 [  0  16   8   2]
 [  4   2  64 256]
 [  0   0  16   4]]

*********************
AFTER: 
[[  0   0   2  32]
 [  0   0  16   2]
 [  0  16  64 256]
 [  4   2  16   4]]

TIME TAKEN FOR STEP: 1.00463960677

*********************

BRANCHES: 20
AI SELECT ACTION: l
*********************
BEFORE: 
[[  0   0   2  32]
 [  0   0  16   2]
 [  0  16  64 256]
 [  4   2  16   4]]

*********************
AFTER: 
[[  2  32   0   0]
 [ 16   2   4   0]
 [ 16  64 256   0]
 [  4   2  16   4]]

TIME TAKEN FOR STEP: 1.00176237107

*********************

BRANCHES: 28
AI SELECT ACTION: u
*********************
BEFORE: 
[[  2  32   0   0]
 [ 16   2   4   0]
 [ 16  64 256   0]
 [  4   2  16   4]]

*********************
AFTER: 
[[  2  32   4   4]
 [ 32   2 256   0]
 [  4  64  16   2]
 [  0   2   0   0]]

TIME TAKEN FOR STEP: 1.0022273589

*********************

BRANCHES: 36
AI SELECT ACTION: u
*********************
BEFORE: 
[[  2  32   4   4]
 [ 32   2 256   0]
 [  4  64  16   2]
 [  0   2   0   0]]

*********************
AFTER: 
[[  2  32   4   4]
 [ 32   2 256   2]
 [  4  64  16   0]
 [  0   2   2   0]]

TIME TAKEN FOR STEP: 1.00260187757

*********************

BRANCHES: 26
AI SELECT ACTION: r
*********************
BEFORE: 
[[  2  32   4   4]
 [ 32   2 256   2]
 [  4  64  16   0]
 [  0   2   2   0]]

*********************
AFTER: 
[[  0   2  32   8]
 [ 32   2 256   2]
 [  0   4  64  16]
 [  0   0   2   4]]

TIME TAKEN FOR STEP: 1.00187456864

*********************

BRANCHES: 30
AI SELECT ACTION: u
*********************
BEFORE: 
[[  0   2  32   8]
 [ 32   2 256   2]
 [  0   4  64  16]
 [  0   0   2   4]]

*********************
AFTER: 
[[ 32   8  32   8]
 [  0   2 256   2]
 [  0   0  64  16]
 [  0   0   2   4]]

TIME TAKEN FOR STEP: 1.00184454394

*********************

BRANCHES: 20
AI SELECT ACTION: l
*********************
BEFORE: 
[[ 32   8  32   8]
 [  0   2 256   2]
 [  0   0  64  16]
 [  0   0   2   4]]

*********************
AFTER: 
[[ 32   8  32   8]
 [  2 256   2   0]
 [ 64  16   0   0]
 [  2   4   2   0]]

TIME TAKEN FOR STEP: 1.00516385389

*********************

BRANCHES: 28
AI SELECT ACTION: d
*********************
BEFORE: 
[[ 32   8  32   8]
 [  2 256   2   0]
 [ 64  16   0   0]
 [  2   4   2   0]]

*********************
AFTER: 
[[ 32   8   0   0]
 [  2 256   2   0]
 [ 64  16  32   0]
 [  2   4   4   8]]

TIME TAKEN FOR STEP: 1.0025746183

*********************

BRANCHES: 30
AI SELECT ACTION: l
*********************
BEFORE: 
[[ 32   8   0   0]
 [  2 256   2   0]
 [ 64  16  32   0]
 [  2   4   4   8]]

*********************
AFTER: 
[[ 32   8   0   0]
 [  2 256   2   2]
 [ 64  16  32   0]
 [  2  16   0   0]]

TIME TAKEN FOR STEP: 1.00230439597

*********************

BRANCHES: 48
AI SELECT ACTION: r
*********************
BEFORE: 
[[ 32   8   0   0]
 [  2 256   2   2]
 [ 64  16  32   0]
 [  2  16   0   0]]

*********************
AFTER: 
[[  0   0  32   8]
 [  0   2 256   4]
 [  0  64  16  32]
 [  0   2   2  16]]

TIME TAKEN FOR STEP: 1.00165925991

*********************

BRANCHES: 34
AI SELECT ACTION: r
*********************
BEFORE: 
[[  0   0  32   8]
 [  0   2 256   4]
 [  0  64  16  32]
 [  0   2   2  16]]

*********************
AFTER: 
[[  0   0  32   8]
 [  0   2 256   4]
 [  0  64  16  32]
 [  0   2   4  16]]

TIME TAKEN FOR STEP: 1.00165688954

*********************

BRANCHES: 20
AI SELECT ACTION: u
*********************
BEFORE: 
[[  0   0  32   8]
 [  0   2 256   4]
 [  0  64  16  32]
 [  0   2   4  16]]

*********************
AFTER: 
[[  0   2  32   8]
 [  0  64 256   4]
 [  0   2  16  32]
 [  0   2   4  16]]

TIME TAKEN FOR STEP: 1.00410627323

*********************

BRANCHES: 28
AI SELECT ACTION: u
*********************
BEFORE: 
[[  0   2  32   8]
 [  0  64 256   4]
 [  0   2  16  32]
 [  0   2   4  16]]

*********************
AFTER: 
[[  0   2  32   8]
 [  0  64 256   4]
 [  0   4  16  32]
 [  2   0   4  16]]

TIME TAKEN FOR STEP: 1.00229175399

*********************

BRANCHES: 32
AI SELECT ACTION: r
*********************
BEFORE: 
[[  0   2  32   8]
 [  0  64 256   4]
 [  0   4  16  32]
 [  2   0   4  16]]

*********************
AFTER: 
[[  2   2  32   8]
 [  0  64 256   4]
 [  0   4  16  32]
 [  0   2   4  16]]

TIME TAKEN FOR STEP: 1.00159249446

*********************

BRANCHES: 22
AI SELECT ACTION: r
*********************
BEFORE: 
[[  2   2  32   8]
 [  0  64 256   4]
 [  0   4  16  32]
 [  0   2   4  16]]

*********************
AFTER: 
[[  2   4  32   8]
 [  0  64 256   4]
 [  0   4  16  32]
 [  0   2   4  16]]

TIME TAKEN FOR STEP: 1.00202153166

*********************

BRANCHES: 12
AI SELECT ACTION: d
*********************
BEFORE: 
[[  2   4  32   8]
 [  0  64 256   4]
 [  0   4  16  32]
 [  0   2   4  16]]

*********************
AFTER: 
[[  0   4  32   8]
 [  2  64 256   4]
 [  0   4  16  32]
 [  2   2   4  16]]

TIME TAKEN FOR STEP: 1.00153125986

*********************

BRANCHES: 26
AI SELECT ACTION: r
*********************
BEFORE: 
[[  0   4  32   8]
 [  2  64 256   4]
 [  0   4  16  32]
 [  2   2   4  16]]

*********************
AFTER: 
[[  0   4  32   8]
 [  2  64 256   4]
 [  0   4  16  32]
 [  4   4   4  16]]

TIME TAKEN FOR STEP: 1.00197807486

*********************

BRANCHES: 24
AI SELECT ACTION: r
*********************
BEFORE: 
[[  0   4  32   8]
 [  2  64 256   4]
 [  0   4  16  32]
 [  4   4   4  16]]

*********************
AFTER: 
[[  2   4  32   8]
 [  2  64 256   4]
 [  0   4  16  32]
 [  0   4   8  16]]

TIME TAKEN FOR STEP: 1.0015972352

*********************

BRANCHES: 20
AI SELECT ACTION: d
*********************
BEFORE: 
[[  2   4  32   8]
 [  2  64 256   4]
 [  0   4  16  32]
 [  0   4   8  16]]

*********************
AFTER: 
[[  0   0  32   8]
 [  4   4 256   4]
 [  0  64  16  32]
 [  4   8   8  16]]

TIME TAKEN FOR STEP: 1.00442074249

*********************

BRANCHES: 38
AI SELECT ACTION: r
*********************
BEFORE: 
[[  0   0  32   8]
 [  4   4 256   4]
 [  0  64  16  32]
 [  4   8   8  16]]

*********************
AFTER: 
[[  0   0  32   8]
 [  2   8 256   4]
 [  0  64  16  32]
 [  0   4  16  16]]

TIME TAKEN FOR STEP: 1.00194409953

*********************

BRANCHES: 40
AI SELECT ACTION: l
*********************
BEFORE: 
[[  0   0  32   8]
 [  2   8 256   4]
 [  0  64  16  32]
 [  0   4  16  16]]

*********************
AFTER: 
[[ 32   8   0   4]
 [  2   8 256   4]
 [ 64  16  32   0]
 [  4  32   0   0]]

TIME TAKEN FOR STEP: 1.00208118601

*********************

BRANCHES: 44
AI SELECT ACTION: l
*********************
BEFORE: 
[[ 32   8   0   4]
 [  2   8 256   4]
 [ 64  16  32   0]
 [  4  32   0   0]]

*********************
AFTER: 
[[ 32   8   4   0]
 [  2   8 256   4]
 [ 64  16  32   2]
 [  4  32   0   0]]

TIME TAKEN FOR STEP: 1.00197926004

*********************

BRANCHES: 26
AI SELECT ACTION: u
*********************
BEFORE: 
[[ 32   8   4   0]
 [  2   8 256   4]
 [ 64  16  32   2]
 [  4  32   0   0]]

*********************
AFTER: 
[[ 32  64   4   4]
 [  2   0 256   2]
 [ 64   0  32   0]
 [  4   0   2   0]]

TIME TAKEN FOR STEP: 1.00217718605

*********************

BRANCHES: 34
AI SELECT ACTION: d
*********************
BEFORE: 
[[ 32  64   4   4]
 [  2   0 256   2]
 [ 64   0  32   0]
 [  4   0   2   0]]

*********************
AFTER: 
[[ 32   0   4   0]
 [  2   4 256   0]
 [ 64   0  32   4]
 [  4  64   2   2]]

TIME TAKEN FOR STEP: 1.00232098857

*********************

BRANCHES: 36
AI SELECT ACTION: l
*********************
BEFORE: 
[[ 32   0   4   0]
 [  2   4 256   0]
 [ 64   0  32   4]
 [  4  64   2   2]]

*********************
AFTER: 
[[ 32   4   0   0]
 [  2   4 256   0]
 [ 64  32   4   0]
 [  4  64   4   4]]

TIME TAKEN FOR STEP: 1.00626884198

*********************

BRANCHES: 44
AI SELECT ACTION: l
*********************
BEFORE: 
[[ 32   4   0   0]
 [  2   4 256   0]
 [ 64  32   4   0]
 [  4  64   4   4]]

*********************
AFTER: 
[[ 32   4   0   0]
 [  2   4 256   0]
 [ 64  32   4   2]
 [  4  64   8   0]]

TIME TAKEN FOR STEP: 1.002285433

*********************

BRANCHES: 28
AI SELECT ACTION: d
*********************
BEFORE: 
[[ 32   4   0   0]
 [  2   4 256   0]
 [ 64  32   4   2]
 [  4  64   8   0]]

*********************
AFTER: 
[[ 32   0   0   0]
 [  2   8 256   0]
 [ 64  32   4   2]
 [  4  64   8   2]]

TIME TAKEN FOR STEP: 1.0021040996

*********************

BRANCHES: 28
AI SELECT ACTION: u
*********************
BEFORE: 
[[ 32   0   0   0]
 [  2   8 256   0]
 [ 64  32   4   2]
 [  4  64   8   2]]

*********************
AFTER: 
[[ 32   8 256   4]
 [  2  32   4   0]
 [ 64  64   8   0]
 [  4   0   2   0]]

TIME TAKEN FOR STEP: 1.0013546672

*********************

BRANCHES: 28
AI SELECT ACTION: d
*********************
BEFORE: 
[[ 32   8 256   4]
 [  2  32   4   0]
 [ 64  64   8   0]
 [  4   0   2   0]]

*********************
AFTER: 
[[ 32   0 256   0]
 [  2   8   4   2]
 [ 64  32   8   0]
 [  4  64   2   4]]

TIME TAKEN FOR STEP: 1.00297521105

*********************

BRANCHES: 24
AI SELECT ACTION: l
*********************
BEFORE: 
[[ 32   0 256   0]
 [  2   8   4   2]
 [ 64  32   8   0]
 [  4  64   2   4]]

*********************
AFTER: 
[[ 32 256   0   2]
 [  2   8   4   2]
 [ 64  32   8   0]
 [  4  64   2   4]]

TIME TAKEN FOR STEP: 1.00385975461

*********************

BRANCHES: 22
AI SELECT ACTION: r
*********************
BEFORE: 
[[ 32 256   0   2]
 [  2   8   4   2]
 [ 64  32   8   0]
 [  4  64   2   4]]

*********************
AFTER: 
[[  4  32 256   2]
 [  2   8   4   2]
 [  0  64  32   8]
 [  4  64   2   4]]

TIME TAKEN FOR STEP: 1.0020958033

*********************

BRANCHES: 14
AI SELECT ACTION: d
*********************
BEFORE: 
[[  4  32 256   2]
 [  2   8   4   2]
 [  0  64  32   8]
 [  4  64   2   4]]

*********************
AFTER: 
[[  0   0 256   4]
 [  4  32   4   4]
 [  2   8  32   8]
 [  4 128   2   4]]

TIME TAKEN FOR STEP: 1.00299614933

*********************

BRANCHES: 26
AI SELECT ACTION: r
*********************
BEFORE: 
[[  0   0 256   4]
 [  4  32   4   4]
 [  2   8  32   8]
 [  4 128   2   4]]

*********************
AFTER: 
[[  0   2 256   4]
 [  0   4  32   8]
 [  2   8  32   8]
 [  4 128   2   4]]

TIME TAKEN FOR STEP: 1.00174103772

*********************

BRANCHES: 20
AI SELECT ACTION: d
*********************
BEFORE: 
[[  0   2 256   4]
 [  0   4  32   8]
 [  2   8  32   8]
 [  4 128   2   4]]

*********************
AFTER: 
[[  0   2   0   0]
 [  2   4 256   4]
 [  2   8  64  16]
 [  4 128   2   4]]

TIME TAKEN FOR STEP: 1.00176474144

*********************

BRANCHES: 30
AI SELECT ACTION: u
*********************
BEFORE: 
[[  0   2   0   0]
 [  2   4 256   4]
 [  2   8  64  16]
 [  4 128   2   4]]

*********************
AFTER: 
[[  8   2 256   4]
 [  0   4  64  16]
 [  0   8   2   4]
 [  0 128   2   0]]

TIME TAKEN FOR STEP: 1.00559368122

*********************

BRANCHES: 36
AI SELECT ACTION: d
*********************
BEFORE: 
[[  8   2 256   4]
 [  0   4  64  16]
 [  0   8   2   4]
 [  0 128   2   0]]

*********************
AFTER: 
[[  2   2   0   0]
 [  0   4 256   4]
 [  0   8  64  16]
 [  8 128   4   4]]

TIME TAKEN FOR STEP: 1.00222617372

*********************

BRANCHES: 40
AI SELECT ACTION: r
*********************
BEFORE: 
[[  2   2   0   0]
 [  0   4 256   4]
 [  0   8  64  16]
 [  8 128   4   4]]

*********************
AFTER: 
[[  0   4   0   4]
 [  0   4 256   4]
 [  0   8  64  16]
 [  0   8 128   8]]

TIME TAKEN FOR STEP: 1.00261096399

*********************

BRANCHES: 56
AI SELECT ACTION: r
*********************
BEFORE: 
[[  0   4   0   4]
 [  0   4 256   4]
 [  0   8  64  16]
 [  0   8 128   8]]

*********************
AFTER: 
[[  0   0   0   8]
 [  2   4 256   4]
 [  0   8  64  16]
 [  0   8 128   8]]

TIME TAKEN FOR STEP: 1.54928140219

*********************

BRANCHES: 34
AI SELECT ACTION: u
*********************
BEFORE: 
[[  0   0   0   8]
 [  2   4 256   4]
 [  0   8  64  16]
 [  0   8 128   8]]

*********************
AFTER: 
[[  2   4 256   8]
 [  2  16  64   4]
 [  0   0 128  16]
 [  0   0   0   8]]

TIME TAKEN FOR STEP: 1.00148503762

*********************

BRANCHES: 34
AI SELECT ACTION: u
*********************
BEFORE: 
[[  2   4 256   8]
 [  2  16  64   4]
 [  0   0 128  16]
 [  0   0   0   8]]

*********************
AFTER: 
[[  4   4 256   8]
 [  0  16  64   4]
 [  0   2 128  16]
 [  0   0   0   8]]

TIME TAKEN FOR STEP: 1.00240750712

*********************

BRANCHES: 34
AI SELECT ACTION: r
*********************
BEFORE: 
[[  4   4 256   8]
 [  0  16  64   4]
 [  0   2 128  16]
 [  0   0   0   8]]

*********************
AFTER: 
[[  0   8 256   8]
 [  2  16  64   4]
 [  0   2 128  16]
 [  0   0   0   8]]

TIME TAKEN FOR STEP: 1.00475061916

*********************

BRANCHES: 30
AI SELECT ACTION: d
*********************
BEFORE: 
[[  0   8 256   8]
 [  2  16  64   4]
 [  0   2 128  16]
 [  0   0   0   8]]

*********************
AFTER: 
[[  2   0   0   8]
 [  0   8 256   4]
 [  0  16  64  16]
 [  2   2 128   8]]

TIME TAKEN FOR STEP: 1.00222775397

*********************

BRANCHES: 40
AI SELECT ACTION: r
*********************
BEFORE: 
[[  2   0   0   8]
 [  0   8 256   4]
 [  0  16  64  16]
 [  2   2 128   8]]

*********************
AFTER: 
[[  0   0   2   8]
 [  0   8 256   4]
 [  0  16  64  16]
 [  2   4 128   8]]

TIME TAKEN FOR STEP: 1.00144790181

*********************

BRANCHES: 16
AI SELECT ACTION: l
*********************
BEFORE: 
[[  0   0   2   8]
 [  0   8 256   4]
 [  0  16  64  16]
 [  2   4 128   8]]

*********************
AFTER: 
[[  2   8   0   0]
 [  8 256   4   2]
 [ 16  64  16   0]
 [  2   4 128   8]]

TIME TAKEN FOR STEP: 1.00242291454

*********************

BRANCHES: 18
AI SELECT ACTION: u
*********************
BEFORE: 
[[  2   8   0   0]
 [  8 256   4   2]
 [ 16  64  16   0]
 [  2   4 128   8]]

*********************
AFTER: 
[[  2   8   4   2]
 [  8 256  16   8]
 [ 16  64 128   0]
 [  2   4   2   0]]

TIME TAKEN FOR STEP: 1.00110538315

*********************

BRANCHES: 8
AI SELECT ACTION: d
*********************
BEFORE: 
[[  2   8   4   2]
 [  8 256  16   8]
 [ 16  64 128   0]
 [  2   4   2   0]]

*********************
AFTER: 
[[  2   8   4   2]
 [  8 256  16   0]
 [ 16  64 128   2]
 [  2   4   2   8]]

TIME TAKEN FOR STEP: 1.00199861807

*********************

BRANCHES: 10
AI SELECT ACTION: u
*********************
BEFORE: 
[[  2   8   4   2]
 [  8 256  16   0]
 [ 16  64 128   2]
 [  2   4   2   8]]

*********************
AFTER: 
[[  2   8   4   4]
 [  8 256  16   8]
 [ 16  64 128   0]
 [  2   4   2   2]]

TIME TAKEN FOR STEP: 1.00226014904

*********************

BRANCHES: 20
AI SELECT ACTION: u
*********************
BEFORE: 
[[  2   8   4   4]
 [  8 256  16   8]
 [ 16  64 128   0]
 [  2   4   2   2]]

*********************
AFTER: 
[[  2   8   4   4]
 [  8 256  16   8]
 [ 16  64 128   2]
 [  2   4   2   2]]

TIME TAKEN FOR STEP: 1.00334459391

*********************

BRANCHES: 16
AI SELECT ACTION: d
*********************
BEFORE: 
[[  2   8   4   4]
 [  8 256  16   8]
 [ 16  64 128   2]
 [  2   4   2   2]]

*********************
AFTER: 
[[  2   8   4   2]
 [  8 256  16   4]
 [ 16  64 128   8]
 [  2   4   2   4]]

TIME TAKEN FOR STEP: 1.00229254412

FINISHED: 
[[  2   8   4   2]
 [  8 256  16   4]
 [ 16  64 128   8]
 [  2   4   2   4]]

IS WIN?: 
False

IS LOSE?: 
True

