STARTIG BOARD: 
[[0 0 0 0]
 [0 0 0 0]
 [0 0 0 0]
 [0 2 0 2]]

*********************

BRANCHES: 88
AI SELECT ACTION: l
*********************
BEFORE: 
[[0 0 0 0]
 [0 0 0 0]
 [0 0 0 0]
 [0 2 0 2]]

*********************
AFTER: 
[[0 0 2 0]
 [0 0 0 0]
 [0 0 0 0]
 [4 0 0 0]]

TIME TAKEN FOR STEP: 4.13841941271

*********************

BRANCHES: 112
AI SELECT ACTION: r
*********************
BEFORE: 
[[0 0 2 0]
 [0 0 0 0]
 [0 0 0 0]
 [4 0 0 0]]

*********************
AFTER: 
[[0 0 0 2]
 [0 0 0 4]
 [0 0 0 0]
 [0 0 0 4]]

TIME TAKEN FOR STEP: 4.90064549161

*********************

BRANCHES: 82
AI SELECT ACTION: d
*********************
BEFORE: 
[[0 0 0 2]
 [0 0 0 4]
 [0 0 0 0]
 [0 0 0 4]]

*********************
AFTER: 
[[0 2 0 0]
 [0 0 0 0]
 [0 0 0 2]
 [0 0 0 8]]

TIME TAKEN FOR STEP: 3.77537413348

*********************

BRANCHES: 104
AI SELECT ACTION: r
*********************
BEFORE: 
[[0 2 0 0]
 [0 0 0 0]
 [0 0 0 2]
 [0 0 0 8]]

*********************
AFTER: 
[[0 0 0 2]
 [0 0 0 0]
 [0 4 0 2]
 [0 0 0 8]]

TIME TAKEN FOR STEP: 4.72338398949

*********************

BRANCHES: 100
AI SELECT ACTION: r
*********************
BEFORE: 
[[0 0 0 2]
 [0 0 0 0]
 [0 4 0 2]
 [0 0 0 8]]

*********************
AFTER: 
[[0 0 0 2]
 [2 0 0 0]
 [0 0 4 2]
 [0 0 0 8]]

TIME TAKEN FOR STEP: 4.60695925213

*********************

BRANCHES: 92
AI SELECT ACTION: d
*********************
BEFORE: 
[[0 0 0 2]
 [2 0 0 0]
 [0 0 4 2]
 [0 0 0 8]]

*********************
AFTER: 
[[0 2 0 0]
 [0 0 0 0]
 [0 0 0 4]
 [2 0 4 8]]

TIME TAKEN FOR STEP: 4.18444096175

*********************

BRANCHES: 88
AI SELECT ACTION: u
*********************
BEFORE: 
[[0 2 0 0]
 [0 0 0 0]
 [0 0 0 4]
 [2 0 4 8]]

*********************
AFTER: 
[[2 2 4 4]
 [0 0 0 8]
 [0 0 0 0]
 [0 0 0 2]]

TIME TAKEN FOR STEP: 4.75178854392

*********************

BRANCHES: 88
AI SELECT ACTION: d
*********************
BEFORE: 
[[2 2 4 4]
 [0 0 0 8]
 [0 0 0 0]
 [0 0 0 2]]

*********************
AFTER: 
[[0 0 0 0]
 [0 0 0 4]
 [0 0 2 8]
 [2 2 4 2]]

TIME TAKEN FOR STEP: 4.40579927143

*********************

BRANCHES: 60
AI SELECT ACTION: u
*********************
BEFORE: 
[[0 0 0 0]
 [0 0 0 4]
 [0 0 2 8]
 [2 2 4 2]]

*********************
AFTER: 
[[2 2 2 4]
 [0 0 4 8]
 [0 0 2 2]
 [0 0 0 0]]

TIME TAKEN FOR STEP: 3.12147560355

*********************

BRANCHES: 56
AI SELECT ACTION: d
*********************
BEFORE: 
[[2 2 2 4]
 [0 0 4 8]
 [0 0 2 2]
 [0 0 0 0]]

*********************
AFTER: 
[[0 0 0 0]
 [0 2 2 4]
 [0 0 4 8]
 [2 2 2 2]]

TIME TAKEN FOR STEP: 2.90652440752

*********************

BRANCHES: 74
AI SELECT ACTION: l
*********************
BEFORE: 
[[0 0 0 0]
 [0 2 2 4]
 [0 0 4 8]
 [2 2 2 2]]

*********************
AFTER: 
[[0 2 0 0]
 [8 0 0 0]
 [4 8 0 0]
 [4 4 0 0]]

TIME TAKEN FOR STEP: 3.77867092491

*********************

BRANCHES: 90
AI SELECT ACTION: d
*********************
BEFORE: 
[[0 2 0 0]
 [8 0 0 0]
 [4 8 0 0]
 [4 4 0 0]]

*********************
AFTER: 
[[ 0  0  0  4]
 [ 0  2  0  0]
 [ 0  8  0  0]
 [16  4  0  0]]

TIME TAKEN FOR STEP: 4.2727843053

*********************

BRANCHES: 88
AI SELECT ACTION: r
*********************
BEFORE: 
[[ 0  0  0  4]
 [ 0  2  0  0]
 [ 0  8  0  0]
 [16  4  0  0]]

*********************
AFTER: 
[[ 0  0  0  4]
 [ 0  0  0  2]
 [ 0  0  2  8]
 [ 0  0 16  4]]

TIME TAKEN FOR STEP: 3.92942456471

*********************

BRANCHES: 40
AI SELECT ACTION: l
*********************
BEFORE: 
[[ 0  0  0  4]
 [ 0  0  0  2]
 [ 0  0  2  8]
 [ 0  0 16  4]]

*********************
AFTER: 
[[ 4  0  0  0]
 [ 2  4  0  0]
 [ 2  8  0  0]
 [16  4  0  0]]

TIME TAKEN FOR STEP: 1.67905212012

*********************

BRANCHES: 60
AI SELECT ACTION: d
*********************
BEFORE: 
[[ 4  0  0  0]
 [ 2  4  0  0]
 [ 2  8  0  0]
 [16  4  0  0]]

*********************
AFTER: 
[[ 0  0  0  0]
 [ 2  4  0  0]
 [ 8  8  0  0]
 [16  4  0  0]]

TIME TAKEN FOR STEP: 2.49990301231

*********************

BRANCHES: 64
AI SELECT ACTION: l
*********************
BEFORE: 
[[ 0  0  0  0]
 [ 2  4  0  0]
 [ 8  8  0  0]
 [16  4  0  0]]

*********************
AFTER: 
[[ 0  0  0  0]
 [ 2  4  0  0]
 [16  0  0  0]
 [16  4  0  2]]

TIME TAKEN FOR STEP: 2.62283994976

*********************

BRANCHES: 88
AI SELECT ACTION: r
*********************
BEFORE: 
[[ 0  0  0  0]
 [ 2  4  0  0]
 [16  0  0  0]
 [16  4  0  2]]

*********************
AFTER: 
[[ 0  2  0  0]
 [ 0  0  2  4]
 [ 0  0  0 16]
 [ 0 16  4  2]]

TIME TAKEN FOR STEP: 3.64597477372

*********************

BRANCHES: 72
AI SELECT ACTION: l
*********************
BEFORE: 
[[ 0  2  0  0]
 [ 0  0  2  4]
 [ 0  0  0 16]
 [ 0 16  4  2]]

*********************
AFTER: 
[[ 2  0  0  0]
 [ 2  4  0  0]
 [16  0  0  0]
 [16  4  2  2]]

TIME TAKEN FOR STEP: 3.03110875303

*********************

BRANCHES: 82
AI SELECT ACTION: d
*********************
BEFORE: 
[[ 2  0  0  0]
 [ 2  4  0  0]
 [16  0  0  0]
 [16  4  2  2]]

*********************
AFTER: 
[[ 0  4  0  0]
 [ 0  0  0  0]
 [ 4  0  0  0]
 [32  8  2  2]]

TIME TAKEN FOR STEP: 3.09811954494

*********************

BRANCHES: 84
AI SELECT ACTION: l
*********************
BEFORE: 
[[ 0  4  0  0]
 [ 0  0  0  0]
 [ 4  0  0  0]
 [32  8  2  2]]

*********************
AFTER: 
[[ 4  2  0  0]
 [ 0  0  0  0]
 [ 4  0  0  0]
 [32  8  4  0]]

TIME TAKEN FOR STEP: 3.1152229591

*********************

BRANCHES: 64
AI SELECT ACTION: r
*********************
BEFORE: 
[[ 4  2  0  0]
 [ 0  0  0  0]
 [ 4  0  0  0]
 [32  8  4  0]]

*********************
AFTER: 
[[ 0  0  4  2]
 [ 0  0  0  0]
 [ 2  0  0  4]
 [ 0 32  8  4]]

TIME TAKEN FOR STEP: 3.18238624489

*********************

BRANCHES: 76
AI SELECT ACTION: u
*********************
BEFORE: 
[[ 0  0  4  2]
 [ 0  0  0  0]
 [ 2  0  0  4]
 [ 0 32  8  4]]

*********************
AFTER: 
[[ 2 32  4  2]
 [ 2  0  8  8]
 [ 0  0  0  0]
 [ 0  0  0  0]]

TIME TAKEN FOR STEP: 3.03039645645

*********************

BRANCHES: 80
AI SELECT ACTION: d
*********************
BEFORE: 
[[ 2 32  4  2]
 [ 2  0  8  8]
 [ 0  0  0  0]
 [ 0  0  0  0]]

*********************
AFTER: 
[[ 0  0  2  0]
 [ 0  0  0  0]
 [ 0  0  4  2]
 [ 4 32  8  8]]

TIME TAKEN FOR STEP: 3.3556098195

*********************

BRANCHES: 76
AI SELECT ACTION: l
*********************
BEFORE: 
[[ 0  0  2  0]
 [ 0  0  0  0]
 [ 0  0  4  2]
 [ 4 32  8  8]]

*********************
AFTER: 
[[ 2  0  0  0]
 [ 0  0  0  0]
 [ 4  2  0  0]
 [ 4 32 16  2]]

TIME TAKEN FOR STEP: 2.7818985805

*********************

BRANCHES: 58
AI SELECT ACTION: u
*********************
BEFORE: 
[[ 2  0  0  0]
 [ 0  0  0  0]
 [ 4  2  0  0]
 [ 4 32 16  2]]

*********************
AFTER: 
[[ 2  2 16  2]
 [ 8 32  2  0]
 [ 0  0  0  0]
 [ 0  0  0  0]]

TIME TAKEN FOR STEP: 2.46432136862

*********************

BRANCHES: 58
AI SELECT ACTION: l
*********************
BEFORE: 
[[ 2  2 16  2]
 [ 8 32  2  0]
 [ 0  0  0  0]
 [ 0  0  0  0]]

*********************
AFTER: 
[[ 4 16  2  0]
 [ 8 32  2  0]
 [ 0  0  0  0]
 [ 0  0  0  2]]

TIME TAKEN FOR STEP: 2.32751064791

*********************

BRANCHES: 76
AI SELECT ACTION: r
*********************
BEFORE: 
[[ 4 16  2  0]
 [ 8 32  2  0]
 [ 0  0  0  0]
 [ 0  0  0  2]]

*********************
AFTER: 
[[ 0  4 16  2]
 [ 0  8 32  2]
 [ 0  0  0  0]
 [ 0  0  2  2]]

TIME TAKEN FOR STEP: 3.04552574638

*********************

BRANCHES: 72
AI SELECT ACTION: r
*********************
BEFORE: 
[[ 0  4 16  2]
 [ 0  8 32  2]
 [ 0  0  0  0]
 [ 0  0  2  2]]

*********************
AFTER: 
[[ 0  4 16  2]
 [ 0  8 32  2]
 [ 0  0  0  0]
 [ 0  2  0  4]]

TIME TAKEN FOR STEP: 2.77276791023

*********************

BRANCHES: 70
AI SELECT ACTION: u
*********************
BEFORE: 
[[ 0  4 16  2]
 [ 0  8 32  2]
 [ 0  0  0  0]
 [ 0  2  0  4]]

*********************
AFTER: 
[[ 0  4 16  8]
 [ 0  8 32  0]
 [ 0  2  0  0]
 [ 4  0  0  0]]

TIME TAKEN FOR STEP: 2.57613691897

*********************

BRANCHES: 72
AI SELECT ACTION: u
*********************
BEFORE: 
[[ 0  4 16  8]
 [ 0  8 32  0]
 [ 0  2  0  0]
 [ 4  0  0  0]]

*********************
AFTER: 
[[ 4  4 16  8]
 [ 0  8 32  0]
 [ 0  2  0  2]
 [ 0  0  0  0]]

TIME TAKEN FOR STEP: 2.6686252518

*********************

BRANCHES: 72
AI SELECT ACTION: r
*********************
BEFORE: 
[[ 4  4 16  8]
 [ 0  8 32  0]
 [ 0  2  0  2]
 [ 0  0  0  0]]

*********************
AFTER: 
[[ 0  8 16  8]
 [ 0  0  8 32]
 [ 0  0  0  4]
 [ 0  2  0  0]]

TIME TAKEN FOR STEP: 2.57395104156

*********************

BRANCHES: 72
AI SELECT ACTION: d
*********************
BEFORE: 
[[ 0  8 16  8]
 [ 0  0  8 32]
 [ 0  0  0  4]
 [ 0  2  0  0]]

*********************
AFTER: 
[[ 0  0  2  0]
 [ 0  0  0  8]
 [ 0  8 16 32]
 [ 0  2  8  4]]

TIME TAKEN FOR STEP: 2.49069925558

*********************

BRANCHES: 64
AI SELECT ACTION: l
*********************
BEFORE: 
[[ 0  0  2  0]
 [ 0  0  0  8]
 [ 0  8 16 32]
 [ 0  2  8  4]]

*********************
AFTER: 
[[ 2  0  2  0]
 [ 8  0  0  0]
 [ 8 16 32  0]
 [ 2  8  4  0]]

TIME TAKEN FOR STEP: 2.34263164153

*********************

BRANCHES: 64
AI SELECT ACTION: d
*********************
BEFORE: 
[[ 2  0  2  0]
 [ 8  0  0  0]
 [ 8 16 32  0]
 [ 2  8  4  0]]

*********************
AFTER: 
[[ 0  0  2  0]
 [ 2  0  2  0]
 [16 16 32  0]
 [ 2  8  4  0]]

TIME TAKEN FOR STEP: 2.92350258706

*********************

BRANCHES: 70
AI SELECT ACTION: d
*********************
BEFORE: 
[[ 0  0  2  0]
 [ 2  0  2  0]
 [16 16 32  0]
 [ 2  8  4  0]]

*********************
AFTER: 
[[ 0  2  0  0]
 [ 2  0  4  0]
 [16 16 32  0]
 [ 2  8  4  0]]

TIME TAKEN FOR STEP: 2.87113318366

*********************

BRANCHES: 62
AI SELECT ACTION: u
*********************
BEFORE: 
[[ 0  2  0  0]
 [ 2  0  4  0]
 [16 16 32  0]
 [ 2  8  4  0]]

*********************
AFTER: 
[[ 2  2  4  0]
 [16 16 32  0]
 [ 2  8  4  2]
 [ 0  0  0  0]]

TIME TAKEN FOR STEP: 2.48498784592

*********************

BRANCHES: 60
AI SELECT ACTION: l
*********************
BEFORE: 
[[ 2  2  4  0]
 [16 16 32  0]
 [ 2  8  4  2]
 [ 0  0  0  0]]

*********************
AFTER: 
[[ 8  0  0  0]
 [64  0  0  0]
 [ 2  8  4  2]
 [ 0  2  0  0]]

TIME TAKEN FOR STEP: 2.26249017777

*********************

BRANCHES: 72
AI SELECT ACTION: l
*********************
BEFORE: 
[[ 8  0  0  0]
 [64  0  0  0]
 [ 2  8  4  2]
 [ 0  2  0  0]]

*********************
AFTER: 
[[ 8  0  0  0]
 [64  0  0  0]
 [ 2  8  4  2]
 [ 2  0  0  2]]

TIME TAKEN FOR STEP: 2.94194170546

*********************

BRANCHES: 76
AI SELECT ACTION: l
*********************
BEFORE: 
[[ 8  0  0  0]
 [64  0  0  0]
 [ 2  8  4  2]
 [ 2  0  0  2]]

*********************
AFTER: 
[[ 8  0  0  0]
 [64  0  0  0]
 [ 2  8  4  2]
 [ 4  0  2  0]]

TIME TAKEN FOR STEP: 2.47688394149

*********************

BRANCHES: 64
AI SELECT ACTION: r
*********************
BEFORE: 
[[ 8  0  0  0]
 [64  0  0  0]
 [ 2  8  4  2]
 [ 4  0  2  0]]

*********************
AFTER: 
[[ 0  0  0  8]
 [ 0  0  0 64]
 [ 2  8  4  2]
 [ 2  0  4  2]]

TIME TAKEN FOR STEP: 2.17904520654

*********************

BRANCHES: 68
AI SELECT ACTION: l
*********************
BEFORE: 
[[ 0  0  0  8]
 [ 0  0  0 64]
 [ 2  8  4  2]
 [ 2  0  4  2]]

*********************
AFTER: 
[[ 8  0  0  0]
 [64  2  0  0]
 [ 2  8  4  2]
 [ 2  4  2  0]]

TIME TAKEN FOR STEP: 2.46232828141

*********************

BRANCHES: 40
AI SELECT ACTION: d
*********************
BEFORE: 
[[ 8  0  0  0]
 [64  2  0  0]
 [ 2  8  4  2]
 [ 2  4  2  0]]

*********************
AFTER: 
[[ 0  0  0  0]
 [ 8  2  0  0]
 [64  8  4  2]
 [ 4  4  2  2]]

TIME TAKEN FOR STEP: 1.53493393973

*********************

BRANCHES: 60
AI SELECT ACTION: u
*********************
BEFORE: 
[[ 0  0  0  0]
 [ 8  2  0  0]
 [64  8  4  2]
 [ 4  4  2  2]]

*********************
AFTER: 
[[ 8  2  4  4]
 [64  8  2  0]
 [ 4  4  0  0]
 [ 0  0  2  0]]

TIME TAKEN FOR STEP: 2.3283947964

*********************

BRANCHES: 62
AI SELECT ACTION: d
*********************
BEFORE: 
[[ 8  2  4  4]
 [64  8  2  0]
 [ 4  4  0  0]
 [ 0  0  2  0]]

*********************
AFTER: 
[[ 0  0  0  0]
 [ 8  2  0  0]
 [64  8  2  0]
 [ 4  4  8  4]]

TIME TAKEN FOR STEP: 2.02704751686

*********************

BRANCHES: 48
AI SELECT ACTION: u
*********************
BEFORE: 
[[ 0  0  0  0]
 [ 8  2  0  0]
 [64  8  2  0]
 [ 4  4  8  4]]

*********************
AFTER: 
[[ 8  2  2  4]
 [64  8  8  0]
 [ 4  4  0  0]
 [ 0  0  0  4]]

TIME TAKEN FOR STEP: 1.64431511874

*********************

BRANCHES: 66
AI SELECT ACTION: u
*********************
BEFORE: 
[[ 8  2  2  4]
 [64  8  8  0]
 [ 4  4  0  0]
 [ 0  0  0  4]]

*********************
AFTER: 
[[ 8  2  2  8]
 [64  8  8  0]
 [ 4  4  0  0]
 [ 0  0  2  0]]

TIME TAKEN FOR STEP: 1.95625756297

*********************

BRANCHES: 60
AI SELECT ACTION: u
*********************
BEFORE: 
[[ 8  2  2  8]
 [64  8  8  0]
 [ 4  4  0  0]
 [ 0  0  2  0]]

*********************
AFTER: 
[[ 8  2  2  8]
 [64  8  8  2]
 [ 4  4  2  0]
 [ 0  0  0  0]]

TIME TAKEN FOR STEP: 1.91389665734

*********************

BRANCHES: 42
AI SELECT ACTION: r
*********************
BEFORE: 
[[ 8  2  2  8]
 [64  8  8  2]
 [ 4  4  2  0]
 [ 0  0  0  0]]

*********************
AFTER: 
[[ 2  8  4  8]
 [ 0 64 16  2]
 [ 0  0  8  2]
 [ 0  0  0  0]]

TIME TAKEN FOR STEP: 2.24830074007

*********************

BRANCHES: 46
AI SELECT ACTION: u
*********************
BEFORE: 
[[ 2  8  4  8]
 [ 0 64 16  2]
 [ 0  0  8  2]
 [ 0  0  0  0]]

*********************
AFTER: 
[[ 2  8  4  8]
 [ 0 64 16  4]
 [ 2  0  8  0]
 [ 0  0  0  0]]

TIME TAKEN FOR STEP: 1.65074198548

*********************

BRANCHES: 60
AI SELECT ACTION: r
*********************
BEFORE: 
[[ 2  8  4  8]
 [ 0 64 16  4]
 [ 2  0  8  0]
 [ 0  0  0  0]]

*********************
AFTER: 
[[ 2  8  4  8]
 [ 0 64 16  4]
 [ 0  0  2  8]
 [ 0  0  2  0]]

TIME TAKEN FOR STEP: 1.71972887693

*********************

BRANCHES: 52
AI SELECT ACTION: u
*********************
BEFORE: 
[[ 2  8  4  8]
 [ 0 64 16  4]
 [ 0  0  2  8]
 [ 0  0  2  0]]

*********************
AFTER: 
[[ 2  8  4  8]
 [ 0 64 16  4]
 [ 0  0  4  8]
 [ 2  0  0  0]]

TIME TAKEN FOR STEP: 1.55540288609

*********************

BRANCHES: 52
AI SELECT ACTION: l
*********************
BEFORE: 
[[ 2  8  4  8]
 [ 0 64 16  4]
 [ 0  0  4  8]
 [ 2  0  0  0]]

*********************
AFTER: 
[[ 2  8  4  8]
 [64 16  4  0]
 [ 4  8  0  2]
 [ 2  0  0  0]]

TIME TAKEN FOR STEP: 1.49774123368

*********************

BRANCHES: 44
AI SELECT ACTION: u
*********************
BEFORE: 
[[ 2  8  4  8]
 [64 16  4  0]
 [ 4  8  0  2]
 [ 2  0  0  0]]

*********************
AFTER: 
[[ 2  8  8  8]
 [64 16  0  2]
 [ 4  8  0  0]
 [ 2  0  0  2]]

TIME TAKEN FOR STEP: 1.15900490232

*********************

BRANCHES: 52
AI SELECT ACTION: u
*********************
BEFORE: 
[[ 2  8  8  8]
 [64 16  0  2]
 [ 4  8  0  0]
 [ 2  0  0  2]]

*********************
AFTER: 
[[ 2  8  8  8]
 [64 16  2  4]
 [ 4  8  0  0]
 [ 2  0  0  0]]

TIME TAKEN FOR STEP: 1.50623150863

*********************

BRANCHES: 34
AI SELECT ACTION: l
*********************
BEFORE: 
[[ 2  8  8  8]
 [64 16  2  4]
 [ 4  8  0  0]
 [ 2  0  0  0]]

*********************
AFTER: 
[[ 2 16  8  0]
 [64 16  2  4]
 [ 4  8  0  0]
 [ 2  2  0  0]]

TIME TAKEN FOR STEP: 1.0133831164

*********************

BRANCHES: 48
AI SELECT ACTION: u
*********************
BEFORE: 
[[ 2 16  8  0]
 [64 16  2  4]
 [ 4  8  0  0]
 [ 2  2  0  0]]

*********************
AFTER: 
[[ 2 32  8  4]
 [64  8  2  0]
 [ 4  2  0  0]
 [ 2  2  0  0]]

TIME TAKEN FOR STEP: 1.35041001498

*********************

BRANCHES: 48
AI SELECT ACTION: d
*********************
BEFORE: 
[[ 2 32  8  4]
 [64  8  2  0]
 [ 4  2  0  0]
 [ 2  2  0  0]]

*********************
AFTER: 
[[ 2  0  0  0]
 [64 32  2  0]
 [ 4  8  8  0]
 [ 2  4  2  4]]

TIME TAKEN FOR STEP: 1.47417381696

*********************

BRANCHES: 34
AI SELECT ACTION: r
*********************
BEFORE: 
[[ 2  0  0  0]
 [64 32  2  0]
 [ 4  8  8  0]
 [ 2  4  2  4]]

*********************
AFTER: 
[[ 0  0  2  2]
 [ 0 64 32  2]
 [ 0  0  4 16]
 [ 2  4  2  4]]

TIME TAKEN FOR STEP: 0.935147431169

*********************

BRANCHES: 48
AI SELECT ACTION: u
*********************
BEFORE: 
[[ 0  0  2  2]
 [ 0 64 32  2]
 [ 0  0  4 16]
 [ 2  4  2  4]]

*********************
AFTER: 
[[ 2 64  2  4]
 [ 0  4 32 16]
 [ 0  2  4  4]
 [ 0  0  2  0]]

TIME TAKEN FOR STEP: 1.29463596825

*********************

BRANCHES: 34
AI SELECT ACTION: l
*********************
BEFORE: 
[[ 2 64  2  4]
 [ 0  4 32 16]
 [ 0  2  4  4]
 [ 0  0  2  0]]

*********************
AFTER: 
[[ 2 64  2  4]
 [ 4 32 16  0]
 [ 2  8  0  2]
 [ 2  0  0  0]]

TIME TAKEN FOR STEP: 0.895256057385

*********************

BRANCHES: 46
AI SELECT ACTION: u
*********************
BEFORE: 
[[ 2 64  2  4]
 [ 4 32 16  0]
 [ 2  8  0  2]
 [ 2  0  0  0]]

*********************
AFTER: 
[[ 2 64  2  4]
 [ 4 32 16  2]
 [ 4  8  2  0]
 [ 0  0  0  0]]

TIME TAKEN FOR STEP: 1.17906021889

*********************

BRANCHES: 34
AI SELECT ACTION: d
*********************
BEFORE: 
[[ 2 64  2  4]
 [ 4 32 16  2]
 [ 4  8  2  0]
 [ 0  0  0  0]]

*********************
AFTER: 
[[ 0  0  0  2]
 [ 0 64  2  0]
 [ 2 32 16  4]
 [ 8  8  2  2]]

TIME TAKEN FOR STEP: 1.05046639031

*********************

BRANCHES: 48
AI SELECT ACTION: u
*********************
BEFORE: 
[[ 0  0  0  2]
 [ 0 64  2  0]
 [ 2 32 16  4]
 [ 8  8  2  2]]

*********************
AFTER: 
[[ 2 64  2  2]
 [ 8 32 16  4]
 [ 2  8  2  2]
 [ 0  0  0  0]]

TIME TAKEN FOR STEP: 1.34627450717

*********************

BRANCHES: 32
AI SELECT ACTION: l
*********************
BEFORE: 
[[ 2 64  2  2]
 [ 8 32 16  4]
 [ 2  8  2  2]
 [ 0  0  0  0]]

*********************
AFTER: 
[[ 2 64  4  2]
 [ 8 32 16  4]
 [ 2  8  4  0]
 [ 0  0  0  0]]

TIME TAKEN FOR STEP: 0.786894138032

*********************

BRANCHES: 20
AI SELECT ACTION: d
*********************
BEFORE: 
[[ 2 64  4  2]
 [ 8 32 16  4]
 [ 2  8  4  0]
 [ 0  0  0  0]]

*********************
AFTER: 
[[ 0  0  0  2]
 [ 2 64  4  0]
 [ 8 32 16  2]
 [ 2  8  4  4]]

TIME TAKEN FOR STEP: 0.565260470226

*********************

BRANCHES: 44
AI SELECT ACTION: r
*********************
BEFORE: 
[[ 0  0  0  2]
 [ 2 64  4  0]
 [ 8 32 16  2]
 [ 2  8  4  4]]

*********************
AFTER: 
[[ 0  0  0  2]
 [ 0  2 64  4]
 [ 8 32 16  2]
 [ 2  0  2 16]]

TIME TAKEN FOR STEP: 1.26376543754

*********************

BRANCHES: 44
AI SELECT ACTION: d
*********************
BEFORE: 
[[ 0  0  0  2]
 [ 0  2 64  4]
 [ 8 32 16  2]
 [ 2  0  2 16]]

*********************
AFTER: 
[[ 0  0  2  2]
 [ 0  0 64  4]
 [ 8  2 16  2]
 [ 2 32  2 16]]

TIME TAKEN FOR STEP: 0.966433171924

*********************

BRANCHES: 28
AI SELECT ACTION: u
*********************
BEFORE: 
[[ 0  0  2  2]
 [ 0  0 64  4]
 [ 8  2 16  2]
 [ 2 32  2 16]]

*********************
AFTER: 
[[ 8  2  2  2]
 [ 2 32 64  4]
 [ 0  0 16  2]
 [ 2  0  2 16]]

TIME TAKEN FOR STEP: 0.725820336127

*********************

BRANCHES: 36
AI SELECT ACTION: u
*********************
BEFORE: 
[[ 8  2  2  2]
 [ 2 32 64  4]
 [ 0  0 16  2]
 [ 2  0  2 16]]

*********************
AFTER: 
[[ 8  2  2  2]
 [ 4 32 64  4]
 [ 0  0 16  2]
 [ 2  0  2 16]]

TIME TAKEN FOR STEP: 0.921338833122

*********************

BRANCHES: 32
AI SELECT ACTION: d
*********************
BEFORE: 
[[ 8  2  2  2]
 [ 4 32 64  4]
 [ 0  0 16  2]
 [ 2  0  2 16]]

*********************
AFTER: 
[[ 0  2  2  2]
 [ 8  0 64  4]
 [ 4  2 16  2]
 [ 2 32  2 16]]

TIME TAKEN FOR STEP: 0.965310406049

*********************

BRANCHES: 24
AI SELECT ACTION: d
*********************
BEFORE: 
[[ 0  2  2  2]
 [ 8  0 64  4]
 [ 4  2 16  2]
 [ 2 32  2 16]]

*********************
AFTER: 
[[ 0  0  2  2]
 [ 8  2 64  4]
 [ 4  4 16  2]
 [ 2 32  2 16]]

TIME TAKEN FOR STEP: 0.548123870864

*********************

BRANCHES: 20
AI SELECT ACTION: r
*********************
BEFORE: 
[[ 0  0  2  2]
 [ 8  2 64  4]
 [ 4  4 16  2]
 [ 2 32  2 16]]

*********************
AFTER: 
[[ 0  0  2  4]
 [ 8  2 64  4]
 [ 0  8 16  2]
 [ 2 32  2 16]]

TIME TAKEN FOR STEP: 0.660677001749

*********************

BRANCHES: 22
AI SELECT ACTION: d
*********************
BEFORE: 
[[ 0  0  2  4]
 [ 8  2 64  4]
 [ 0  8 16  2]
 [ 2 32  2 16]]

*********************
AFTER: 
[[ 0  0  2  4]
 [ 0  2 64  8]
 [ 8  8 16  2]
 [ 2 32  2 16]]

TIME TAKEN FOR STEP: 0.637354128337

*********************

BRANCHES: 24
AI SELECT ACTION: l
*********************
BEFORE: 
[[ 0  0  2  4]
 [ 0  2 64  8]
 [ 8  8 16  2]
 [ 2 32  2 16]]

*********************
AFTER: 
[[ 2  4  4  0]
 [ 2 64  8  0]
 [32  2  0  0]
 [ 2 32  2 16]]

TIME TAKEN FOR STEP: 0.541861744933

*********************

BRANCHES: 40
AI SELECT ACTION: l
*********************
BEFORE: 
[[ 2  4  4  0]
 [ 2 64  8  0]
 [32  2  0  0]
 [ 2 32  2 16]]

*********************
AFTER: 
[[ 2  8  0  0]
 [ 2 64  8  2]
 [32  2  0  0]
 [ 2 32  2 16]]

TIME TAKEN FOR STEP: 1.25105274116

*********************

BRANCHES: 28
AI SELECT ACTION: u
*********************
BEFORE: 
[[ 2  8  0  0]
 [ 2 64  8  2]
 [32  2  0  0]
 [ 2 32  2 16]]

*********************
AFTER: 
[[ 4  8  8  2]
 [32 64  2 16]
 [ 2  2  0  0]
 [ 0 32  0  4]]

TIME TAKEN FOR STEP: 0.724228631794

*********************

BRANCHES: 40
AI SELECT ACTION: u
*********************
BEFORE: 
[[ 4  8  8  2]
 [32 64  2 16]
 [ 2  2  0  0]
 [ 0 32  0  4]]

*********************
AFTER: 
[[ 4  8  8  2]
 [32 64  2 16]
 [ 2  2  0  4]
 [ 0 32  2  0]]

TIME TAKEN FOR STEP: 0.935102394115

*********************

BRANCHES: 38
AI SELECT ACTION: u
*********************
BEFORE: 
[[ 4  8  8  2]
 [32 64  2 16]
 [ 2  2  0  4]
 [ 0 32  2  0]]

*********************
AFTER: 
[[ 4  8  8  2]
 [32 64  4 16]
 [ 2  2  2  4]
 [ 0 32  0  0]]

TIME TAKEN FOR STEP: 0.667222387051

*********************

BRANCHES: 26
AI SELECT ACTION: r
*********************
BEFORE: 
[[ 4  8  8  2]
 [32 64  4 16]
 [ 2  2  2  4]
 [ 0 32  0  0]]

*********************
AFTER: 
[[ 2  4 16  2]
 [32 64  4 16]
 [ 0  2  4  4]
 [ 0  0  0 32]]

TIME TAKEN FOR STEP: 0.447886399165

*********************

BRANCHES: 40
AI SELECT ACTION: r
*********************
BEFORE: 
[[ 2  4 16  2]
 [32 64  4 16]
 [ 0  2  4  4]
 [ 0  0  0 32]]

*********************
AFTER: 
[[ 2  4 16  2]
 [32 64  4 16]
 [ 0  0  2  8]
 [ 2  0  0 32]]

TIME TAKEN FOR STEP: 1.04911172311

*********************

BRANCHES: 32
AI SELECT ACTION: l
*********************
BEFORE: 
[[ 2  4 16  2]
 [32 64  4 16]
 [ 0  0  2  8]
 [ 2  0  0 32]]

*********************
AFTER: 
[[ 2  4 16  2]
 [32 64  4 16]
 [ 2  8  2  0]
 [ 2 32  0  0]]

TIME TAKEN FOR STEP: 0.613847946212

*********************

BRANCHES: 22
AI SELECT ACTION: u
*********************
BEFORE: 
[[ 2  4 16  2]
 [32 64  4 16]
 [ 2  8  2  0]
 [ 2 32  0  0]]

*********************
AFTER: 
[[ 2  4 16  2]
 [32 64  4 16]
 [ 4  8  2  2]
 [ 0 32  0  0]]

TIME TAKEN FOR STEP: 0.287834187786

*********************

BRANCHES: 22
AI SELECT ACTION: r
*********************
BEFORE: 
[[ 2  4 16  2]
 [32 64  4 16]
 [ 4  8  2  2]
 [ 0 32  0  0]]

*********************
AFTER: 
[[ 2  4 16  2]
 [32 64  4 16]
 [ 4  4  8  4]
 [ 0  0  0 32]]

TIME TAKEN FOR STEP: 0.337833614947

*********************

BRANCHES: 24
AI SELECT ACTION: l
*********************
BEFORE: 
[[ 2  4 16  2]
 [32 64  4 16]
 [ 4  4  8  4]
 [ 0  0  0 32]]

*********************
AFTER: 
[[ 2  4 16  2]
 [32 64  4 16]
 [16  4  0  0]
 [32  0  0  2]]

TIME TAKEN FOR STEP: 0.608058314295

*********************

BRANCHES: 32
AI SELECT ACTION: d
*********************
BEFORE: 
[[ 2  4 16  2]
 [32 64  4 16]
 [16  4  0  0]
 [32  0  0  2]]

*********************
AFTER: 
[[ 2  0  0  0]
 [32  4  2  2]
 [16 64 16 16]
 [32  4  4  2]]

TIME TAKEN FOR STEP: 0.541247423703

*********************

BRANCHES: 32
AI SELECT ACTION: l
*********************
BEFORE: 
[[ 2  0  0  0]
 [32  4  2  2]
 [16 64 16 16]
 [32  4  4  2]]

*********************
AFTER: 
[[ 2  0  4  0]
 [32  4  4  0]
 [16 64 32  0]
 [32  8  2  0]]

TIME TAKEN FOR STEP: 0.574006745287

*********************

BRANCHES: 48
AI SELECT ACTION: u
*********************
BEFORE: 
[[ 2  0  4  0]
 [32  4  4  0]
 [16 64 32  0]
 [32  8  2  0]]

*********************
AFTER: 
[[ 2  4  8  2]
 [32 64 32  0]
 [16  8  2  0]
 [32  0  0  0]]

TIME TAKEN FOR STEP: 1.05663172608

*********************

BRANCHES: 20
AI SELECT ACTION: d
*********************
BEFORE: 
[[ 2  4  8  2]
 [32 64 32  0]
 [16  8  2  0]
 [32  0  0  0]]

*********************
AFTER: 
[[ 2  0  2  0]
 [32  4  8  0]
 [16 64 32  0]
 [32  8  2  2]]

TIME TAKEN FOR STEP: 0.42265498179

*********************

BRANCHES: 32
AI SELECT ACTION: l
*********************
BEFORE: 
[[ 2  0  2  0]
 [32  4  8  0]
 [16 64 32  0]
 [32  8  2  2]]

*********************
AFTER: 
[[ 4  2  0  0]
 [32  4  8  0]
 [16 64 32  0]
 [32  8  4  0]]

TIME TAKEN FOR STEP: 0.960156033642

*********************

BRANCHES: 20
AI SELECT ACTION: r
*********************
BEFORE: 
[[ 4  2  0  0]
 [32  4  8  0]
 [16 64 32  0]
 [32  8  4  0]]

*********************
AFTER: 
[[ 2  0  4  2]
 [ 0 32  4  8]
 [ 0 16 64 32]
 [ 0 32  8  4]]

TIME TAKEN FOR STEP: 0.333908280063

*********************

BRANCHES: 36
AI SELECT ACTION: l
*********************
BEFORE: 
[[ 2  0  4  2]
 [ 0 32  4  8]
 [ 0 16 64 32]
 [ 0 32  8  4]]

*********************
AFTER: 
[[ 2  4  2  4]
 [32  4  8  0]
 [16 64 32  0]
 [32  8  4  0]]

TIME TAKEN FOR STEP: 1.01326933858

*********************

BRANCHES: 22
AI SELECT ACTION: u
*********************
BEFORE: 
[[ 2  4  2  4]
 [32  4  8  0]
 [16 64 32  0]
 [32  8  4  0]]

*********************
AFTER: 
[[ 2  8  2  4]
 [32 64  8  0]
 [16  8 32  0]
 [32  2  4  0]]

TIME TAKEN FOR STEP: 0.383659213297

*********************

BRANCHES: 12
AI SELECT ACTION: d
*********************
BEFORE: 
[[ 2  8  2  4]
 [32 64  8  0]
 [16  8 32  0]
 [32  2  4  0]]

*********************
AFTER: 
[[ 2  8  2  0]
 [32 64  8  2]
 [16  8 32  0]
 [32  2  4  4]]

TIME TAKEN FOR STEP: 0.0783269445242

*********************

BRANCHES: 20
AI SELECT ACTION: l
*********************
BEFORE: 
[[ 2  8  2  0]
 [32 64  8  2]
 [16  8 32  0]
 [32  2  4  4]]

*********************
AFTER: 
[[ 2  8  2  2]
 [32 64  8  2]
 [16  8 32  0]
 [32  2  8  0]]

TIME TAKEN FOR STEP: 0.187531925939

*********************

BRANCHES: 24
AI SELECT ACTION: u
*********************
BEFORE: 
[[ 2  8  2  2]
 [32 64  8  2]
 [16  8 32  0]
 [32  2  8  0]]

*********************
AFTER: 
[[ 2  8  2  4]
 [32 64  8  2]
 [16  8 32  0]
 [32  2  8  0]]

TIME TAKEN FOR STEP: 0.227964534505

*********************

BRANCHES: 8
AI SELECT ACTION: r
*********************
BEFORE: 
[[ 2  8  2  4]
 [32 64  8  2]
 [16  8 32  0]
 [32  2  8  0]]

*********************
AFTER: 
[[ 2  8  2  4]
 [32 64  8  2]
 [ 0 16  8 32]
 [ 2 32  2  8]]

TIME TAKEN FOR STEP: 0.0780231419351

*********************

BRANCHES: 10
AI SELECT ACTION: l
*********************
BEFORE: 
[[ 2  8  2  4]
 [32 64  8  2]
 [ 0 16  8 32]
 [ 2 32  2  8]]

*********************
AFTER: 
[[ 2  8  2  4]
 [32 64  8  2]
 [16  8 32  2]
 [ 2 32  2  8]]

TIME TAKEN FOR STEP: 0.117024836355

*********************

BRANCHES: 6
AI SELECT ACTION: d
*********************
BEFORE: 
[[ 2  8  2  4]
 [32 64  8  2]
 [16  8 32  2]
 [ 2 32  2  8]]

*********************
AFTER: 
[[ 2  8  2  2]
 [32 64  8  0]
 [16  8 32  8]
 [ 2 32  2  8]]

TIME TAKEN FOR STEP: 0.0788334138601

*********************

BRANCHES: 16
AI SELECT ACTION: u
*********************
BEFORE: 
[[ 2  8  2  2]
 [32 64  8  0]
 [16  8 32  8]
 [ 2 32  2  8]]

*********************
AFTER: 
[[ 2  8  2  2]
 [32 64  8 16]
 [16  8 32  2]
 [ 2 32  2  0]]

TIME TAKEN FOR STEP: 0.222597223742

*********************

BRANCHES: 10
AI SELECT ACTION: r
*********************
BEFORE: 
[[ 2  8  2  2]
 [32 64  8 16]
 [16  8 32  2]
 [ 2 32  2  0]]

*********************
AFTER: 
[[ 2  2  8  4]
 [32 64  8 16]
 [16  8 32  2]
 [ 0  2 32  2]]

TIME TAKEN FOR STEP: 0.152486381229

*********************

BRANCHES: 24
AI SELECT ACTION: d
*********************
BEFORE: 
[[ 2  2  8  4]
 [32 64  8 16]
 [16  8 32  2]
 [ 0  2 32  2]]

*********************
AFTER: 
[[ 0  2  4  0]
 [ 2 64  0  4]
 [32  8 16 16]
 [16  2 64  4]]

TIME TAKEN FOR STEP: 0.350805076861

*********************

BRANCHES: 28
AI SELECT ACTION: l
*********************
BEFORE: 
[[ 0  2  4  0]
 [ 2 64  0  4]
 [32  8 16 16]
 [16  2 64  4]]

*********************
AFTER: 
[[ 2  4  0  0]
 [ 2 64  4  0]
 [32  8 32  2]
 [16  2 64  4]]

TIME TAKEN FOR STEP: 0.580379883607

*********************

BRANCHES: 22
AI SELECT ACTION: d
*********************
BEFORE: 
[[ 2  4  0  0]
 [ 2 64  4  0]
 [32  8 32  2]
 [16  2 64  4]]

*********************
AFTER: 
[[ 0  4  2  0]
 [ 4 64  4  0]
 [32  8 32  2]
 [16  2 64  4]]

TIME TAKEN FOR STEP: 0.353419201351

*********************

BRANCHES: 18
AI SELECT ACTION: l
*********************
BEFORE: 
[[ 0  4  2  0]
 [ 4 64  4  0]
 [32  8 32  2]
 [16  2 64  4]]

*********************
AFTER: 
[[ 4  2  2  0]
 [ 4 64  4  0]
 [32  8 32  2]
 [16  2 64  4]]

TIME TAKEN FOR STEP: 0.247385776745

*********************

BRANCHES: 26
AI SELECT ACTION: r
*********************
BEFORE: 
[[ 4  2  2  0]
 [ 4 64  4  0]
 [32  8 32  2]
 [16  2 64  4]]

*********************
AFTER: 
[[ 0  0  2  8]
 [ 0  4 64  4]
 [32  8 32  2]
 [16  2 64  4]]

TIME TAKEN FOR STEP: 0.493225281274

*********************

BRANCHES: 12
AI SELECT ACTION: l
*********************
BEFORE: 
[[ 0  0  2  8]
 [ 0  4 64  4]
 [32  8 32  2]
 [16  2 64  4]]

*********************
AFTER: 
[[ 2  8  0  2]
 [ 4 64  4  0]
 [32  8 32  2]
 [16  2 64  4]]

TIME TAKEN FOR STEP: 0.123433135183

*********************

BRANCHES: 22
AI SELECT ACTION: u
*********************
BEFORE: 
[[ 2  8  0  2]
 [ 4 64  4  0]
 [32  8 32  2]
 [16  2 64  4]]

*********************
AFTER: 
[[ 2  8  4  8]
 [ 4 64 32  2]
 [32  8 64  0]
 [16  2  0  0]]

TIME TAKEN FOR STEP: 0.28324791437

*********************

BRANCHES: 12
AI SELECT ACTION: d
*********************
BEFORE: 
[[ 2  8  4  8]
 [ 4 64 32  2]
 [32  8 64  0]
 [16  2  0  0]]

*********************
AFTER: 
[[ 2  8  0  2]
 [ 4 64  4  0]
 [32  8 32  8]
 [16  2 64  2]]

TIME TAKEN FOR STEP: 0.115333181366

*********************

BRANCHES: 16
AI SELECT ACTION: d
*********************
BEFORE: 
[[ 2  8  0  2]
 [ 4 64  4  0]
 [32  8 32  8]
 [16  2 64  2]]

*********************
AFTER: 
[[ 2  8  2  0]
 [ 4 64  4  2]
 [32  8 32  8]
 [16  2 64  2]]

TIME TAKEN FOR STEP: 0.169570832423

*********************

BRANCHES: 4
AI SELECT ACTION: r
*********************
BEFORE: 
[[ 2  8  2  0]
 [ 4 64  4  2]
 [32  8 32  8]
 [16  2 64  2]]

*********************
AFTER: 
[[ 2  2  8  2]
 [ 4 64  4  2]
 [32  8 32  8]
 [16  2 64  2]]

TIME TAKEN FOR STEP: 0.02328692278

*********************

BRANCHES: 8
AI SELECT ACTION: u
*********************
BEFORE: 
[[ 2  2  8  2]
 [ 4 64  4  2]
 [32  8 32  8]
 [16  2 64  2]]

*********************
AFTER: 
[[ 2  2  8  4]
 [ 4 64  4  8]
 [32  8 32  2]
 [16  2 64  2]]

TIME TAKEN FOR STEP: 0.0327289018188

*********************

BRANCHES: 8
AI SELECT ACTION: r
*********************
BEFORE: 
[[ 2  2  8  4]
 [ 4 64  4  8]
 [32  8 32  2]
 [16  2 64  2]]

*********************
AFTER: 
[[ 2  4  8  4]
 [ 4 64  4  8]
 [32  8 32  2]
 [16  2 64  2]]

TIME TAKEN FOR STEP: 0.095079938797

*********************

BRANCHES: 4
AI SELECT ACTION: d
*********************
BEFORE: 
[[ 2  4  8  4]
 [ 4 64  4  8]
 [32  8 32  2]
 [16  2 64  2]]

*********************
AFTER: 
[[ 2  4  8  2]
 [ 4 64  4  4]
 [32  8 32  8]
 [16  2 64  4]]

TIME TAKEN FOR STEP: 0.0183853899794

*********************

BRANCHES: 4
AI SELECT ACTION: l
*********************
BEFORE: 
[[ 2  4  8  2]
 [ 4 64  4  4]
 [32  8 32  8]
 [16  2 64  4]]

*********************
AFTER: 
[[ 2  4  8  2]
 [ 4 64  8  2]
 [32  8 32  8]
 [16  2 64  4]]

TIME TAKEN FOR STEP: 0.0607494560986

*********************

BRANCHES: 8
AI SELECT ACTION: d
*********************
BEFORE: 
[[ 2  4  8  2]
 [ 4 64  8  2]
 [32  8 32  8]
 [16  2 64  4]]

*********************
AFTER: 
[[ 2  4  4  0]
 [ 4 64 16  4]
 [32  8 32  8]
 [16  2 64  4]]

TIME TAKEN FOR STEP: 0.0615494564146

*********************

BRANCHES: 10
AI SELECT ACTION: l
*********************
BEFORE: 
[[ 2  4  4  0]
 [ 4 64 16  4]
 [32  8 32  8]
 [16  2 64  4]]

*********************
AFTER: 
[[ 2  8  2  0]
 [ 4 64 16  4]
 [32  8 32  8]
 [16  2 64  4]]

TIME TAKEN FOR STEP: 0.0833801810885

*********************

BRANCHES: 4
AI SELECT ACTION: u
*********************
BEFORE: 
[[ 2  8  2  0]
 [ 4 64 16  4]
 [32  8 32  8]
 [16  2 64  4]]

*********************
AFTER: 
[[ 2  8  2  4]
 [ 4 64 16  8]
 [32  8 32  4]
 [16  2 64  2]]

TIME TAKEN FOR STEP: 0.00659674334685

FINISHED: 
[[ 2  8  2  4]
 [ 4 64 16  8]
 [32  8 32  4]
 [16  2 64  2]]

IS WIN?: 
False

IS LOSE?: 
True

