STARTIG BOARD: 
[[  0   0   2  16]
 [  0   0  64   4]
 [  0   8  16 256]
 [  2   4   2  16]]

*********************

BRANCHES: 20
AI SELECT ACTION: u
*********************
BEFORE: 
[[  0   0   2  16]
 [  0   0  64   4]
 [  0   8  16 256]
 [  2   4   2  16]]

*********************
AFTER: 
[[  2   8   2  16]
 [  0   4  64   4]
 [  0   0  16 256]
 [  2   0   2  16]]

TIME TAKEN FOR STEP: 90.0066394127

*********************

BRANCHES: 40
AI SELECT ACTION: u
*********************
BEFORE: 
[[  2   8   2  16]
 [  0   4  64   4]
 [  0   0  16 256]
 [  2   0   2  16]]

*********************
AFTER: 
[[  4   8   2  16]
 [  0   4  64   4]
 [  0   0  16 256]
 [  0   2   2  16]]

TIME TAKEN FOR STEP: 90.0009019266

*********************

BRANCHES: 36
AI SELECT ACTION: d
*********************
BEFORE: 
[[  4   8   2  16]
 [  0   4  64   4]
 [  0   0  16 256]
 [  0   2   2  16]]

*********************
AFTER: 
[[  2   0   2  16]
 [  0   8  64   4]
 [  0   4  16 256]
 [  4   2   2  16]]

TIME TAKEN FOR STEP: 90.0097829213

*********************

BRANCHES: 34
AI SELECT ACTION: l
*********************
BEFORE: 
[[  2   0   2  16]
 [  0   8  64   4]
 [  0   4  16 256]
 [  4   2   2  16]]

*********************
AFTER: 
[[  4  16   0   0]
 [  8  64   4   0]
 [  4  16 256   0]
 [  4   4  16   2]]

TIME TAKEN FOR STEP: 90.0076697345

*********************

BRANCHES: 42
AI SELECT ACTION: u
*********************
BEFORE: 
[[  4  16   0   0]
 [  8  64   4   0]
 [  4  16 256   0]
 [  4   4  16   2]]

*********************
AFTER: 
[[  4  16   4   2]
 [  8  64 256   0]
 [  8  16  16   0]
 [  0   4   2   0]]

TIME TAKEN FOR STEP: 90.0032971878

*********************

BRANCHES: 40
AI SELECT ACTION: l
*********************
BEFORE: 
[[  4  16   4   2]
 [  8  64 256   0]
 [  8  16  16   0]
 [  0   4   2   0]]

*********************
AFTER: 
[[  4  16   4   2]
 [  8  64 256   2]
 [  8  32   0   0]
 [  4   2   0   0]]

TIME TAKEN FOR STEP: 90.002254224

*********************

BRANCHES: 32
AI SELECT ACTION: d
*********************
BEFORE: 
[[  4  16   4   2]
 [  8  64 256   2]
 [  8  32   0   0]
 [  4   2   0   0]]

*********************
AFTER: 
[[  0  16   0   0]
 [  4  64   0   0]
 [ 16  32   4   2]
 [  4   2 256   4]]

TIME TAKEN FOR STEP: 90.0087687971

*********************

BRANCHES: 30
AI SELECT ACTION: r
*********************
BEFORE: 
[[  0  16   0   0]
 [  4  64   0   0]
 [ 16  32   4   2]
 [  4   2 256   4]]

*********************
AFTER: 
[[  0   0   2  16]
 [  0   0   4  64]
 [ 16  32   4   2]
 [  4   2 256   4]]

TIME TAKEN FOR STEP: 90.0079474631

*********************

BRANCHES: 28
AI SELECT ACTION: l
*********************
BEFORE: 
[[  0   0   2  16]
 [  0   0   4  64]
 [ 16  32   4   2]
 [  4   2 256   4]]

*********************
AFTER: 
[[  2  16   0   2]
 [  4  64   0   0]
 [ 16  32   4   2]
 [  4   2 256   4]]

TIME TAKEN FOR STEP: 90.0020780263

*********************

BRANCHES: 30
AI SELECT ACTION: u
*********************
BEFORE: 
[[  2  16   0   2]
 [  4  64   0   0]
 [ 16  32   4   2]
 [  4   2 256   4]]

*********************
AFTER: 
[[  2  16   4   8]
 [  4  64 256   0]
 [ 16  32   0   4]
 [  4   2   0   0]]

TIME TAKEN FOR STEP: 90.0011851861

*********************

BRANCHES: 32
AI SELECT ACTION: r
*********************
BEFORE: 
[[  2  16   4   8]
 [  4  64 256   0]
 [ 16  32   0   4]
 [  4   2   0   0]]

*********************
AFTER: 
[[  2  16   4   8]
 [  0   4  64 256]
 [  0  16  32   4]
 [  2   0   4   2]]

TIME TAKEN FOR STEP: 90.0019500262

*********************

BRANCHES: 28
AI SELECT ACTION: r
*********************
BEFORE: 
[[  2  16   4   8]
 [  0   4  64 256]
 [  0  16  32   4]
 [  2   0   4   2]]

*********************
AFTER: 
[[  2  16   4   8]
 [  0   4  64 256]
 [  0  16  32   4]
 [  2   2   4   2]]

TIME TAKEN FOR STEP: 90.0012574825

*********************

BRANCHES: 26
AI SELECT ACTION: d
*********************
BEFORE: 
[[  2  16   4   8]
 [  0   4  64 256]
 [  0  16  32   4]
 [  2   2   4   2]]

*********************
AFTER: 
[[  2  16   4   8]
 [  0   4  64 256]
 [  0  16  32   4]
 [  4   2   4   2]]

TIME TAKEN FOR STEP: 90.0074982775

*********************

BRANCHES: 12
AI SELECT ACTION: u
*********************
BEFORE: 
[[  2  16   4   8]
 [  0   4  64 256]
 [  0  16  32   4]
 [  4   2   4   2]]

*********************
AFTER: 
[[  2  16   4   8]
 [  4   4  64 256]
 [  0  16  32   4]
 [  2   2   4   2]]

TIME TAKEN FOR STEP: 90.0008825686

*********************

BRANCHES: 18
AI SELECT ACTION: r
*********************
BEFORE: 
[[  2  16   4   8]
 [  4   4  64 256]
 [  0  16  32   4]
 [  2   2   4   2]]

*********************
AFTER: 
[[  2  16   4   8]
 [  0   8  64 256]
 [  4  16  32   4]
 [  0   4   4   2]]

TIME TAKEN FOR STEP: 90.0091231677

*********************

BRANCHES: 20
AI SELECT ACTION: d
*********************
BEFORE: 
[[  2  16   4   8]
 [  0   8  64 256]
 [  4  16  32   4]
 [  0   4   4   2]]

*********************
AFTER: 
[[  2  16   4   8]
 [  0   8  64 256]
 [  2  16  32   4]
 [  4   4   4   2]]

TIME TAKEN FOR STEP: 90.000541235

*********************

BRANCHES: 18
AI SELECT ACTION: d
*********************
BEFORE: 
[[  2  16   4   8]
 [  0   8  64 256]
 [  2  16  32   4]
 [  4   4   4   2]]

*********************
AFTER: 
[[  2  16   4   8]
 [  0   8  64 256]
 [  4  16  32   4]
 [  4   4   4   2]]

TIME TAKEN FOR STEP: 90.0104489959

*********************

BRANCHES: 16
AI SELECT ACTION: u
*********************
BEFORE: 
[[  2  16   4   8]
 [  0   8  64 256]
 [  4  16  32   4]
 [  4   4   4   2]]

*********************
AFTER: 
[[  2  16   4   8]
 [  8   8  64 256]
 [  0  16  32   4]
 [  2   4   4   2]]

TIME TAKEN FOR STEP: 90.0006032597

*********************

BRANCHES: 16
AI SELECT ACTION: l
*********************
BEFORE: 
[[  2  16   4   8]
 [  8   8  64 256]
 [  0  16  32   4]
 [  2   4   4   2]]

*********************
AFTER: 
[[  2  16   4   8]
 [ 16  64 256   4]
 [ 16  32   4   0]
 [  2   8   2   0]]

TIME TAKEN FOR STEP: 90.0021807425

*********************

BRANCHES: 16
AI SELECT ACTION: u
*********************
BEFORE: 
[[  2  16   4   8]
 [ 16  64 256   4]
 [ 16  32   4   0]
 [  2   8   2   0]]

*********************
AFTER: 
[[  2  16   4   8]
 [ 32  64 256   4]
 [  2  32   4   0]
 [  0   8   2   2]]

TIME TAKEN FOR STEP: 90.001375211

*********************

BRANCHES: 20
AI SELECT ACTION: r
*********************
BEFORE: 
[[  2  16   4   8]
 [ 32  64 256   4]
 [  2  32   4   0]
 [  0   8   2   2]]

*********************
AFTER: 
[[  2  16   4   8]
 [ 32  64 256   4]
 [  0   2  32   4]
 [  2   0   8   4]]

TIME TAKEN FOR STEP: 90.0018639027

*********************

BRANCHES: 20
AI SELECT ACTION: r
*********************
BEFORE: 
[[  2  16   4   8]
 [ 32  64 256   4]
 [  0   2  32   4]
 [  2   0   8   4]]

*********************
AFTER: 
[[  2  16   4   8]
 [ 32  64 256   4]
 [  2   2  32   4]
 [  0   2   8   4]]

TIME TAKEN FOR STEP: 90.0023533846

*********************

BRANCHES: 20
AI SELECT ACTION: r
*********************
BEFORE: 
[[  2  16   4   8]
 [ 32  64 256   4]
 [  2   2  32   4]
 [  0   2   8   4]]

*********************
AFTER: 
[[  2  16   4   8]
 [ 32  64 256   4]
 [  0   4  32   4]
 [  2   2   8   4]]

TIME TAKEN FOR STEP: 90.0076270678

*********************

BRANCHES: 16
AI SELECT ACTION: d
*********************
BEFORE: 
[[  2  16   4   8]
 [ 32  64 256   4]
 [  0   4  32   4]
 [  2   2   8   4]]

*********************
AFTER: 
[[  2  16   4   0]
 [  2  64 256   8]
 [ 32   4  32   4]
 [  2   2   8   8]]

TIME TAKEN FOR STEP: 90.0015798531

*********************

BRANCHES: 20
AI SELECT ACTION: d
*********************
BEFORE: 
[[  2  16   4   0]
 [  2  64 256   8]
 [ 32   4  32   4]
 [  2   2   8   8]]

*********************
AFTER: 
[[  0  16   4   2]
 [  4  64 256   8]
 [ 32   4  32   4]
 [  2   2   8   8]]

TIME TAKEN FOR STEP: 90.004960794

*********************

BRANCHES: 14
AI SELECT ACTION: r
*********************
BEFORE: 
[[  0  16   4   2]
 [  4  64 256   8]
 [ 32   4  32   4]
 [  2   2   8   8]]

*********************
AFTER: 
[[  0  16   4   2]
 [  4  64 256   8]
 [ 32   4  32   4]
 [  2   0   4  16]]

TIME TAKEN FOR STEP: 90.0024395081

*********************

BRANCHES: 16
AI SELECT ACTION: u
*********************
BEFORE: 
[[  0  16   4   2]
 [  4  64 256   8]
 [ 32   4  32   4]
 [  2   0   4  16]]

*********************
AFTER: 
[[  4  16   4   2]
 [ 32  64 256   8]
 [  2   4  32   4]
 [  2   0   4  16]]

TIME TAKEN FOR STEP: 90.0011350132

*********************

BRANCHES: 12
AI SELECT ACTION: d
*********************
BEFORE: 
[[  4  16   4   2]
 [ 32  64 256   8]
 [  2   4  32   4]
 [  2   0   4  16]]

*********************
AFTER: 
[[  0   2   4   2]
 [  4  16 256   8]
 [ 32  64  32   4]
 [  4   4   4  16]]

TIME TAKEN FOR STEP: 90.0013542727

*********************

BRANCHES: 10
AI SELECT ACTION: r
*********************
BEFORE: 
[[  0   2   4   2]
 [  4  16 256   8]
 [ 32  64  32   4]
 [  4   4   4  16]]

*********************
AFTER: 
[[  2   2   4   2]
 [  4  16 256   8]
 [ 32  64  32   4]
 [  0   4   8  16]]

TIME TAKEN FOR STEP: 90.0103387736

*********************

BRANCHES: 12
AI SELECT ACTION: r
*********************
BEFORE: 
[[  2   2   4   2]
 [  4  16 256   8]
 [ 32  64  32   4]
 [  0   4   8  16]]

*********************
AFTER: 
[[  2   4   4   2]
 [  4  16 256   8]
 [ 32  64  32   4]
 [  0   4   8  16]]

TIME TAKEN FOR STEP: 90.0074990677

*********************

BRANCHES: 10
AI SELECT ACTION: r
*********************
BEFORE: 
[[  2   4   4   2]
 [  4  16 256   8]
 [ 32  64  32   4]
 [  0   4   8  16]]

*********************
AFTER: 
[[  2   2   8   2]
 [  4  16 256   8]
 [ 32  64  32   4]
 [  0   4   8  16]]

TIME TAKEN FOR STEP: 90.0005736301

*********************

BRANCHES: 10
AI SELECT ACTION: r
*********************
BEFORE: 
[[  2   2   8   2]
 [  4  16 256   8]
 [ 32  64  32   4]
 [  0   4   8  16]]

*********************
AFTER: 
[[  0   4   8   2]
 [  4  16 256   8]
 [ 32  64  32   4]
 [  2   4   8  16]]

TIME TAKEN FOR STEP: 90.0022052363

*********************

BRANCHES: 4
AI SELECT ACTION: u
*********************
BEFORE: 
[[  0   4   8   2]
 [  4  16 256   8]
 [ 32  64  32   4]
 [  2   4   8  16]]

*********************
AFTER: 
[[  4   4   8   2]
 [ 32  16 256   8]
 [  2  64  32   4]
 [  2   4   8  16]]

TIME TAKEN FOR STEP: 90.0098086003

*********************

BRANCHES: 10
AI SELECT ACTION: d
*********************
BEFORE: 
[[  4   4   8   2]
 [ 32  16 256   8]
 [  2  64  32   4]
 [  2   4   8  16]]

*********************
AFTER: 
[[  2   4   8   2]
 [  4  16 256   8]
 [ 32  64  32   4]
 [  4   4   8  16]]

TIME TAKEN FOR STEP: 90.0007691858

*********************

BRANCHES: 8
AI SELECT ACTION: l
*********************
BEFORE: 
[[  2   4   8   2]
 [  4  16 256   8]
 [ 32  64  32   4]
 [  4   4   8  16]]

*********************
AFTER: 
[[  2   4   8   2]
 [  4  16 256   8]
 [ 32  64  32   4]
 [ 32   2   0   0]]

TIME TAKEN FOR STEP: 90.0033920027

*********************

BRANCHES: 16
AI SELECT ACTION: d
*********************
BEFORE: 
[[  2   4   8   2]
 [  4  16 256   8]
 [ 32  64  32   4]
 [ 32   2   0   0]]

*********************
AFTER: 
[[  2   4   0   0]
 [  2  16   8   2]
 [  4  64 256   8]
 [ 64   2  32   4]]

TIME TAKEN FOR STEP: 90.0014716061

*********************

BRANCHES: 18
AI SELECT ACTION: u
*********************
BEFORE: 
[[  2   4   0   0]
 [  2  16   8   2]
 [  4  64 256   8]
 [ 64   2  32   4]]

*********************
AFTER: 
[[  8   4   8   2]
 [ 64  16 256   8]
 [  0  64  32   4]
 [  2   2   0   0]]

TIME TAKEN FOR STEP: 90.00391625

*********************

BRANCHES: 28
AI SELECT ACTION: d
*********************
BEFORE: 
[[  8   4   8   2]
 [ 64  16 256   8]
 [  0  64  32   4]
 [  2   2   0   0]]

*********************
AFTER: 
[[  0   4   0   2]
 [  8  16   8   2]
 [ 64  64 256   8]
 [  2   2  32   4]]

TIME TAKEN FOR STEP: 90.0029953604

*********************

BRANCHES: 28
AI SELECT ACTION: d
*********************
BEFORE: 
[[  0   4   0   2]
 [  8  16   8   2]
 [ 64  64 256   8]
 [  2   2  32   4]]

*********************
AFTER: 
[[  0   4   0   2]
 [  8  16   8   4]
 [ 64  64 256   8]
 [  2   2  32   4]]

TIME TAKEN FOR STEP: 90.0047324482

*********************

BRANCHES: 20
AI SELECT ACTION: u
*********************
BEFORE: 
[[  0   4   0   2]
 [  8  16   8   4]
 [ 64  64 256   8]
 [  2   2  32   4]]

*********************
AFTER: 
[[  8   4   8   2]
 [ 64  16 256   4]
 [  2  64  32   8]
 [  2   2   0   4]]

TIME TAKEN FOR STEP: 90.0017607915

*********************

BRANCHES: 18
AI SELECT ACTION: l
*********************
BEFORE: 
[[  8   4   8   2]
 [ 64  16 256   4]
 [  2  64  32   8]
 [  2   2   0   4]]

*********************
AFTER: 
[[  8   4   8   2]
 [ 64  16 256   4]
 [  2  64  32   8]
 [  8   0   0   4]]

TIME TAKEN FOR STEP: 198.501335705

*********************

BRANCHES: 12
AI SELECT ACTION: r
*********************
BEFORE: 
[[  8   4   8   2]
 [ 64  16 256   4]
 [  2  64  32   8]
 [  8   0   0   4]]

*********************
AFTER: 
[[  8   4   8   2]
 [ 64  16 256   4]
 [  2  64  32   8]
 [  0   2   8   4]]

TIME TAKEN FOR STEP: 90.0038202499

*********************

BRANCHES: 4
AI SELECT ACTION: d
*********************
BEFORE: 
[[  8   4   8   2]
 [ 64  16 256   4]
 [  2  64  32   8]
 [  0   2   8   4]]

*********************
AFTER: 
[[  2   4   8   2]
 [  8  16 256   4]
 [ 64  64  32   8]
 [  2   2   8   4]]

TIME TAKEN FOR STEP: 90.0009319514

*********************

BRANCHES: 8
AI SELECT ACTION: r
*********************
BEFORE: 
[[  2   4   8   2]
 [  8  16 256   4]
 [ 64  64  32   8]
 [  2   2   8   4]]

*********************
AFTER: 
[[  2   4   8   2]
 [  8  16 256   4]
 [  2 128  32   8]
 [  0   4   8   4]]

TIME TAKEN FOR STEP: 90.0021645449

*********************

BRANCHES: 4
AI SELECT ACTION: d
*********************
BEFORE: 
[[  2   4   8   2]
 [  8  16 256   4]
 [  2 128  32   8]
 [  0   4   8   4]]

*********************
AFTER: 
[[  2   4   8   2]
 [  2  16 256   4]
 [  8 128  32   8]
 [  2   4   8   4]]

TIME TAKEN FOR STEP: 90.0019223719

*********************

BRANCHES: 4
AI SELECT ACTION: u
*********************
BEFORE: 
[[  2   4   8   2]
 [  2  16 256   4]
 [  8 128  32   8]
 [  2   4   8   4]]

*********************
AFTER: 
[[  4   4   8   2]
 [  8  16 256   4]
 [  2 128  32   8]
 [  2   4   8   4]]

TIME TAKEN FOR STEP: 90.0042386206

*********************

BRANCHES: 10
AI SELECT ACTION: l
*********************
BEFORE: 
[[  4   4   8   2]
 [  8  16 256   4]
 [  2 128  32   8]
 [  2   4   8   4]]

*********************
AFTER: 
[[ 16   2   2   0]
 [  8  16 256   4]
 [  2 128  32   8]
 [  2   4   8   4]]

TIME TAKEN FOR STEP: 90.0025394588

*********************

BRANCHES: 16
AI SELECT ACTION: r
*********************
BEFORE: 
[[ 16   2   2   0]
 [  8  16 256   4]
 [  2 128  32   8]
 [  2   4   8   4]]

*********************
AFTER: 
[[  2   0  16   4]
 [  8  16 256   4]
 [  2 128  32   8]
 [  2   4   8   4]]

TIME TAKEN FOR STEP: 90.0018247916

*********************

BRANCHES: 18
AI SELECT ACTION: u
*********************
BEFORE: 
[[  2   0  16   4]
 [  8  16 256   4]
 [  2 128  32   8]
 [  2   4   8   4]]

*********************
AFTER: 
[[  2  16  16  16]
 [  8 128 256   4]
 [  4   4  32   2]
 [  0   0   8   0]]

TIME TAKEN FOR STEP: 90.0020033596

*********************

BRANCHES: 26
AI SELECT ACTION: r
*********************
BEFORE: 
[[  2  16  16  16]
 [  8 128 256   4]
 [  4   4  32   2]
 [  0   0   8   0]]

*********************
AFTER: 
[[  0   2  16  32]
 [  8 128 256   4]
 [  0   8  32   2]
 [  2   0   0   8]]

TIME TAKEN FOR STEP: 90.002082372

*********************

BRANCHES: 32
AI SELECT ACTION: r
*********************
BEFORE: 
[[  0   2  16  32]
 [  8 128 256   4]
 [  0   8  32   2]
 [  2   0   0   8]]

*********************
AFTER: 
[[  0   2  16  32]
 [  8 128 256   4]
 [  0   8  32   2]
 [  0   2   2   8]]

TIME TAKEN FOR STEP: 90.0020203473

*********************

BRANCHES: 28
AI SELECT ACTION: l
*********************
BEFORE: 
[[  0   2  16  32]
 [  8 128 256   4]
 [  0   8  32   2]
 [  0   2   2   8]]

*********************
AFTER: 
[[  2  16  32   0]
 [  8 128 256   4]
 [  8  32   2   0]
 [  4   8   2   0]]

TIME TAKEN FOR STEP: 225.625674371

*********************

BRANCHES: 26
AI SELECT ACTION: r
*********************
BEFORE: 
[[  2  16  32   0]
 [  8 128 256   4]
 [  8  32   2   0]
 [  4   8   2   0]]

*********************
AFTER: 
[[  2   2  16  32]
 [  8 128 256   4]
 [  0   8  32   2]
 [  0   4   8   2]]

TIME TAKEN FOR STEP: 90.0542941664

*********************

BRANCHES: 26
AI SELECT ACTION: d
*********************
BEFORE: 
[[  2   2  16  32]
 [  8 128 256   4]
 [  0   8  32   2]
 [  0   4   8   2]]

*********************
AFTER: 
[[  0   2  16   0]
 [  0 128 256   4]
 [  2   8  32  32]
 [  8   4   8   8]]

TIME TAKEN FOR STEP: 90.0035891386

*********************

BRANCHES: 26
AI SELECT ACTION: r
*********************
BEFORE: 
[[  0   2  16   0]
 [  0 128 256   4]
 [  2   8  32  32]
 [  8   4   8   8]]

*********************
AFTER: 
[[  0   0   2  16]
 [  0 128 256   4]
 [  0   2   8  64]
 [  2   8   4  16]]

TIME TAKEN FOR STEP: 90.0011622725

*********************

BRANCHES: 16
AI SELECT ACTION: l
*********************
BEFORE: 
[[  0   0   2  16]
 [  0 128 256   4]
 [  0   2   8  64]
 [  2   8   4  16]]

*********************
AFTER: 
[[  2  16   0   2]
 [128 256   4   0]
 [  2   8  64   0]
 [  2   8   4  16]]

TIME TAKEN FOR STEP: 90.0020290386

*********************

BRANCHES: 32
AI SELECT ACTION: l
*********************
BEFORE: 
[[  2  16   0   2]
 [128 256   4   0]
 [  2   8  64   0]
 [  2   8   4  16]]

*********************
AFTER: 
[[  2  16   2   0]
 [128 256   4   0]
 [  2   8  64   2]
 [  2   8   4  16]]

TIME TAKEN FOR STEP: 90.0050615349

*********************

BRANCHES: 20
AI SELECT ACTION: u
*********************
BEFORE: 
[[  2  16   2   0]
 [128 256   4   0]
 [  2   8  64   2]
 [  2   8   4  16]]

*********************
AFTER: 
[[  2  16   2   2]
 [128 256   4  16]
 [  4  16  64   0]
 [  0   2   4   0]]

TIME TAKEN FOR STEP: 90.00261057

*********************

BRANCHES: 22
AI SELECT ACTION: r
*********************
BEFORE: 
[[  2  16   2   2]
 [128 256   4  16]
 [  4  16  64   0]
 [  0   2   4   0]]

*********************
AFTER: 
[[  0   2  16   4]
 [128 256   4  16]
 [  0   4  16  64]
 [  2   0   2   4]]

TIME TAKEN FOR STEP: 90.0086656859

*********************

BRANCHES: 30
AI SELECT ACTION: d
*********************
BEFORE: 
[[  0   2  16   4]
 [128 256   4  16]
 [  0   4  16  64]
 [  2   0   2   4]]

*********************
AFTER: 
[[  0   0  16   4]
 [  2   2   4  16]
 [128 256  16  64]
 [  2   4   2   4]]

TIME TAKEN FOR STEP: 90.0019670139

*********************

BRANCHES: 18
AI SELECT ACTION: l
*********************
BEFORE: 
[[  0   0  16   4]
 [  2   2   4  16]
 [128 256  16  64]
 [  2   4   2   4]]

*********************
AFTER: 
[[ 16   4   0   0]
 [  8  16   2   0]
 [128 256  16  64]
 [  2   4   2   4]]

TIME TAKEN FOR STEP: 90.0099065757

*********************

BRANCHES: 12
AI SELECT ACTION: r
*********************
BEFORE: 
[[ 16   4   0   0]
 [  8  16   2   0]
 [128 256  16  64]
 [  2   4   2   4]]

*********************
AFTER: 
[[  0   2  16   4]
 [  0   8  16   2]
 [128 256  16  64]
 [  2   4   2   4]]

TIME TAKEN FOR STEP: 90.0093756123

*********************

BRANCHES: 16
AI SELECT ACTION: u
*********************
BEFORE: 
[[  0   2  16   4]
 [  0   8  16   2]
 [128 256  16  64]
 [  2   4   2   4]]

*********************
AFTER: 
[[128   2  32   4]
 [  2   8  16   2]
 [  0 256   2  64]
 [  0   4   2   4]]

TIME TAKEN FOR STEP: 90.0021309646

*********************

BRANCHES: 16
AI SELECT ACTION: l
*********************
BEFORE: 
[[128   2  32   4]
 [  2   8  16   2]
 [  0 256   2  64]
 [  0   4   2   4]]

*********************
AFTER: 
[[128   2  32   4]
 [  2   8  16   2]
 [256   2  64   0]
 [  4   2   4   2]]

TIME TAKEN FOR STEP: 90.0029708665

*********************

BRANCHES: 16
AI SELECT ACTION: d
*********************
BEFORE: 
[[128   2  32   4]
 [  2   8  16   2]
 [256   2  64   0]
 [  4   2   4   2]]

*********************
AFTER: 
[[128   0  32   0]
 [  2   2  16   0]
 [256   8  64   2]
 [  4   4   4   8]]

TIME TAKEN FOR STEP: 393.910966448

*********************

BRANCHES: 26
AI SELECT ACTION: r
*********************
BEFORE: 
[[128   0  32   0]
 [  2   2  16   0]
 [256   8  64   2]
 [  4   4   4   8]]

*********************
AFTER: 
[[  0   2 128  32]
 [  0   0   4  16]
 [256   8  64   2]
 [  0   4   8   8]]

TIME TAKEN FOR STEP: 90.0099354153

*********************

BRANCHES: 36
AI SELECT ACTION: d
*********************
BEFORE: 
[[  0   2 128  32]
 [  0   0   4  16]
 [256   8  64   2]
 [  0   4   8   8]]

*********************
AFTER: 
[[  0   0 128  32]
 [  4   2   4  16]
 [  0   8  64   2]
 [256   4   8   8]]

TIME TAKEN FOR STEP: 90.001750915

*********************

BRANCHES: 28
AI SELECT ACTION: d
*********************
BEFORE: 
[[  0   0 128  32]
 [  4   2   4  16]
 [  0   8  64   2]
 [256   4   8   8]]

*********************
AFTER: 
[[  0   0 128  32]
 [  2   2   4  16]
 [  4   8  64   2]
 [256   4   8   8]]

TIME TAKEN FOR STEP: 90.0061653382

*********************

BRANCHES: 22
AI SELECT ACTION: r
*********************
BEFORE: 
[[  0   0 128  32]
 [  2   2   4  16]
 [  4   8  64   2]
 [256   4   8   8]]

*********************
AFTER: 
[[  0   0 128  32]
 [  2   4   4  16]
 [  4   8  64   2]
 [  0 256   4  16]]

TIME TAKEN FOR STEP: 90.0060408937

*********************

BRANCHES: 28
AI SELECT ACTION: l
*********************
BEFORE: 
[[  0   0 128  32]
 [  2   4   4  16]
 [  4   8  64   2]
 [  0 256   4  16]]

*********************
AFTER: 
[[128  32   0   0]
 [  2   8  16   2]
 [  4   8  64   2]
 [256   4  16   0]]

TIME TAKEN FOR STEP: 90.0031541753

*********************

BRANCHES: 26
AI SELECT ACTION: u
*********************
BEFORE: 
[[128  32   0   0]
 [  2   8  16   2]
 [  4   8  64   2]
 [256   4  16   0]]

*********************
AFTER: 
[[128  32  16   4]
 [  2  16  64   0]
 [  4   4  16   2]
 [256   0   0   0]]

TIME TAKEN FOR STEP: 90.0049738311

*********************

BRANCHES: 36
AI SELECT ACTION: u
*********************
BEFORE: 
[[128  32  16   4]
 [  2  16  64   0]
 [  4   4  16   2]
 [256   0   0   0]]

*********************
AFTER: 
[[128  32  16   4]
 [  2  16  64   2]
 [  4   4  16   0]
 [256   2   0   0]]

TIME TAKEN FOR STEP: 90.0024406933

*********************

BRANCHES: 22
AI SELECT ACTION: l
*********************
BEFORE: 
[[128  32  16   4]
 [  2  16  64   2]
 [  4   4  16   0]
 [256   2   0   0]]

*********************
AFTER: 
[[128  32  16   4]
 [  2  16  64   2]
 [  8  16   0   0]
 [256   2   2   0]]

TIME TAKEN FOR STEP: 90.0023648414

*********************

BRANCHES: 34
AI SELECT ACTION: r
*********************
BEFORE: 
[[128  32  16   4]
 [  2  16  64   2]
 [  8  16   0   0]
 [256   2   2   0]]

*********************
AFTER: 
[[128  32  16   4]
 [  2  16  64   2]
 [  0   0   8  16]
 [  0   4 256   4]]

TIME TAKEN FOR STEP: 90.0064489927

*********************

BRANCHES: 18
AI SELECT ACTION: l
*********************
BEFORE: 
[[128  32  16   4]
 [  2  16  64   2]
 [  0   0   8  16]
 [  0   4 256   4]]

*********************
AFTER: 
[[128  32  16   4]
 [  2  16  64   2]
 [  8  16   0   0]
 [  4 256   4   2]]

TIME TAKEN FOR STEP: 90.0007055808

*********************

BRANCHES: 24
AI SELECT ACTION: d
*********************
BEFORE: 
[[128  32  16   4]
 [  2  16  64   2]
 [  8  16   0   0]
 [  4 256   4   2]]

*********************
AFTER: 
[[128   0   0   0]
 [  2   0  16   0]
 [  8  64  64   2]
 [  4 256   4   8]]

TIME TAKEN FOR STEP: 90.0021471622

*********************

BRANCHES: 34
AI SELECT ACTION: r
*********************
BEFORE: 
[[128   0   0   0]
 [  2   0  16   0]
 [  8  64  64   2]
 [  4 256   4   8]]

*********************
AFTER: 
[[  0   0   0 128]
 [  0   0   2  16]
 [  4   8 128   2]
 [  4 256   4   8]]

TIME TAKEN FOR STEP: 90.0022593598

*********************

BRANCHES: 34
AI SELECT ACTION: u
*********************
BEFORE: 
[[  0   0   0 128]
 [  0   0   2  16]
 [  4   8 128   2]
 [  4 256   4   8]]

*********************
AFTER: 
[[  8   8   2 128]
 [  0 256 128  16]
 [  0   0   4   2]
 [  2   0   0   8]]

TIME TAKEN FOR STEP: 90.0016193593

*********************

BRANCHES: 44
AI SELECT ACTION: l
*********************
BEFORE: 
[[  8   8   2 128]
 [  0 256 128  16]
 [  0   0   4   2]
 [  2   0   0   8]]

*********************
AFTER: 
[[ 16   2 128   0]
 [256 128  16   0]
 [  4   2   2   0]
 [  2   8   0   0]]

TIME TAKEN FOR STEP: 90.0032379285

*********************

BRANCHES: 36
AI SELECT ACTION: d
*********************
BEFORE: 
[[ 16   2 128   0]
 [256 128  16   0]
 [  4   2   2   0]
 [  2   8   0   0]]

*********************
AFTER: 
[[ 16   2   0   0]
 [256 128 128   0]
 [  4   2  16   2]
 [  2   8   2   0]]

TIME TAKEN FOR STEP: 90.0042062255

*********************

BRANCHES: 38
AI SELECT ACTION: r
*********************
BEFORE: 
[[ 16   2   0   0]
 [256 128 128   0]
 [  4   2  16   2]
 [  2   8   2   0]]

*********************
AFTER: 
[[  0   2  16   2]
 [  0   0   0 512]
 [  4   2  16   2]
 [  0   2   8   2]]

TIME TAKEN FOR STEP: 90.0040592625

*********************

BRANCHES: 42
AI SELECT ACTION: u
*********************
BEFORE: 
[[  0   2  16   2]
 [  0   0   0 512]
 [  4   2  16   2]
 [  0   2   8   2]]

*********************
AFTER: 
[[  4   4  32   2]
 [  0   2   8 512]
 [  0   2   0   4]
 [  0   0   0   0]]

TIME TAKEN FOR STEP: 610.174029175

*********************

BRANCHES: 66
AI SELECT ACTION: d
*********************
BEFORE: 
[[  4   4  32   2]
 [  0   2   8 512]
 [  0   2   0   4]
 [  0   0   0   0]]

*********************
AFTER: 
[[  0   0   0   2]
 [  0   0   0   2]
 [  0   0  32 512]
 [  4   8   8   4]]

TIME TAKEN FOR STEP: 90.0075101294

*********************

BRANCHES: 72
AI SELECT ACTION: r
*********************
BEFORE: 
[[  0   0   0   2]
 [  0   0   0   2]
 [  0   0  32 512]
 [  4   8   8   4]]

*********************
AFTER: 
[[  0   0   0   2]
 [  4   0   0   2]
 [  0   0  32 512]
 [  0   4  16   4]]

TIME TAKEN FOR STEP: 90.0034034595

*********************

BRANCHES: 68
AI SELECT ACTION: u
*********************
BEFORE: 
[[  0   0   0   2]
 [  4   0   0   2]
 [  0   0  32 512]
 [  0   4  16   4]]

*********************
AFTER: 
[[  4   4  32   4]
 [  0   2  16 512]
 [  0   0   0   4]
 [  0   0   0   0]]

TIME TAKEN FOR STEP: 90.0015111123

*********************

BRANCHES: 52
AI SELECT ACTION: d
*********************
BEFORE: 
[[  4   4  32   4]
 [  0   2  16 512]
 [  0   0   0   4]
 [  0   0   0   0]]

*********************
AFTER: 
[[  0   0   2   0]
 [  0   0   0   4]
 [  0   4  32 512]
 [  4   2  16   4]]

TIME TAKEN FOR STEP: 90.008405735

*********************

BRANCHES: 56
AI SELECT ACTION: u
*********************
BEFORE: 
[[  0   0   2   0]
 [  0   0   0   4]
 [  0   4  32 512]
 [  4   2  16   4]]

*********************
AFTER: 
[[  4   4   2   4]
 [  0   2  32 512]
 [  2   0  16   4]
 [  0   0   0   0]]

TIME TAKEN FOR STEP: 90.0107765023

*********************

BRANCHES: 52
AI SELECT ACTION: d
*********************
BEFORE: 
[[  4   4   2   4]
 [  0   2  32 512]
 [  2   0  16   4]
 [  0   0   0   0]]

*********************
AFTER: 
[[  0   2   0   0]
 [  0   0   2   4]
 [  4   4  32 512]
 [  2   2  16   4]]

TIME TAKEN FOR STEP: 90.0012910627

*********************

BRANCHES: 48
AI SELECT ACTION: u
*********************
BEFORE: 
[[  0   2   0   0]
 [  0   0   2   4]
 [  4   4  32 512]
 [  2   2  16   4]]

*********************
AFTER: 
[[  4   2   2   4]
 [  2   4  32 512]
 [  0   2  16   4]
 [  0   0   0   2]]

TIME TAKEN FOR STEP: 90.0097892423

*********************

BRANCHES: 32
AI SELECT ACTION: l
*********************
BEFORE: 
[[  4   2   2   4]
 [  2   4  32 512]
 [  0   2  16   4]
 [  0   0   0   2]]

*********************
AFTER: 
[[  4   8   2   0]
 [  2   4  32 512]
 [  2  16   4   0]
 [  2   0   0   0]]

TIME TAKEN FOR STEP: 90.0032865211

*********************

BRANCHES: 34
AI SELECT ACTION: r
*********************
BEFORE: 
[[  4   8   2   0]
 [  2   4  32 512]
 [  2  16   4   0]
 [  2   0   0   0]]

*********************
AFTER: 
[[  0   4   8   2]
 [  2   4  32 512]
 [  0   2  16   4]
 [  0   0   2   2]]

TIME TAKEN FOR STEP: 90.0070064253

*********************

BRANCHES: 40
AI SELECT ACTION: l
*********************
BEFORE: 
[[  0   4   8   2]
 [  2   4  32 512]
 [  0   2  16   4]
 [  0   0   2   2]]

*********************
AFTER: 
[[  4   8   2   2]
 [  2   4  32 512]
 [  2  16   4   0]
 [  4   0   0   0]]

TIME TAKEN FOR STEP: 90.0017473594

*********************

BRANCHES: 44
AI SELECT ACTION: u
*********************
BEFORE: 
[[  4   8   2   2]
 [  2   4  32 512]
 [  2  16   4   0]
 [  4   0   0   0]]

*********************
AFTER: 
[[  4   8   2   2]
 [  8   4  32 512]
 [  0  16   4   0]
 [  0   2   0   0]]

TIME TAKEN FOR STEP: 90.0012831615

*********************

BRANCHES: 34
AI SELECT ACTION: r
*********************
BEFORE: 
[[  4   8   2   2]
 [  8   4  32 512]
 [  0  16   4   0]
 [  0   2   0   0]]

*********************
AFTER: 
[[  0   4   8   4]
 [  8   4  32 512]
 [  0   2  16   4]
 [  0   0   0   2]]

TIME TAKEN FOR STEP: 90.0072944255

*********************

BRANCHES: 34
AI SELECT ACTION: u
*********************
BEFORE: 
[[  0   4   8   4]
 [  8   4  32 512]
 [  0   2  16   4]
 [  0   0   0   2]]

*********************
AFTER: 
[[  8   8   8   4]
 [  0   2  32 512]
 [  2   0  16   4]
 [  0   0   0   2]]

TIME TAKEN FOR STEP: 90.0010623218

*********************

BRANCHES: 44
AI SELECT ACTION: r
*********************
BEFORE: 
[[  8   8   8   4]
 [  0   2  32 512]
 [  2   0  16   4]
 [  0   0   0   2]]

*********************
AFTER: 
[[  0   8  16   4]
 [  0   2  32 512]
 [  0   2  16   4]
 [  0   2   0   2]]

TIME TAKEN FOR STEP: 90.0018449397

*********************

BRANCHES: 48
AI SELECT ACTION: l
*********************
BEFORE: 
[[  0   8  16   4]
 [  0   2  32 512]
 [  0   2  16   4]
 [  0   2   0   2]]

*********************
AFTER: 
[[  8  16   4   0]
 [  2  32 512   0]
 [  2  16   4   0]
 [  4   0   2   0]]

TIME TAKEN FOR STEP: 90.0075741294

*********************

BRANCHES: 46
AI SELECT ACTION: r
*********************
BEFORE: 
[[  8  16   4   0]
 [  2  32 512   0]
 [  2  16   4   0]
 [  4   0   2   0]]

*********************
AFTER: 
[[  0   8  16   4]
 [  0   2  32 512]
 [  0   2  16   4]
 [  2   0   4   2]]

TIME TAKEN FOR STEP: 90.0030012863

*********************

BRANCHES: 36
AI SELECT ACTION: r
*********************
BEFORE: 
[[  0   8  16   4]
 [  0   2  32 512]
 [  0   2  16   4]
 [  2   0   4   2]]

*********************
AFTER: 
[[  0   8  16   4]
 [  2   2  32 512]
 [  0   2  16   4]
 [  0   2   4   2]]

TIME TAKEN FOR STEP: 90.0095620816

*********************

BRANCHES: 32
AI SELECT ACTION: d
*********************
BEFORE: 
[[  0   8  16   4]
 [  2   2  32 512]
 [  0   2  16   4]
 [  0   2   4   2]]

*********************
AFTER: 
[[  2   0  16   4]
 [  0   8  32 512]
 [  0   2  16   4]
 [  2   4   4   2]]

TIME TAKEN FOR STEP: 90.0050536336

*********************

BRANCHES: 32
AI SELECT ACTION: l
*********************
BEFORE: 
[[  2   0  16   4]
 [  0   8  32 512]
 [  0   2  16   4]
 [  2   4   4   2]]

*********************
AFTER: 
[[  2  16   4   0]
 [  8  32 512   0]
 [  2  16   4   2]
 [  2   8   2   0]]

TIME TAKEN FOR STEP: 90.0060724986

*********************

BRANCHES: 22
AI SELECT ACTION: d
*********************
BEFORE: 
[[  2  16   4   0]
 [  8  32 512   0]
 [  2  16   4   2]
 [  2   8   2   0]]

*********************
AFTER: 
[[  0  16   4   0]
 [  2  32 512   0]
 [  8  16   4   2]
 [  4   8   2   2]]

TIME TAKEN FOR STEP: 90.0011958528

*********************

BRANCHES: 32
AI SELECT ACTION: u
*********************
BEFORE: 
[[  0  16   4   0]
 [  2  32 512   0]
 [  8  16   4   2]
 [  4   8   2   2]]

*********************
AFTER: 
[[  2  16   4   4]
 [  8  32 512   0]
 [  4  16   4   2]
 [  0   8   2   0]]

TIME TAKEN FOR STEP: 704.242279698

*********************

BRANCHES: 28
AI SELECT ACTION: l
*********************
BEFORE: 
[[  2  16   4   4]
 [  8  32 512   0]
 [  4  16   4   2]
 [  0   8   2   0]]

*********************
AFTER: 
[[  2  16   8   0]
 [  8  32 512   0]
 [  4  16   4   2]
 [  8   2   2   0]]

TIME TAKEN FOR STEP: 90.0423854162

*********************

BRANCHES: 28
