STARTING BOARD: 
[[0 0 0 0]
 [0 0 2 0]
 [0 0 0 0]
 [2 0 0 0]]

*********************

BRANCHES: 112
AI SELECT ACTION: r
*********************
BEFORE: 
[[0 0 0 0]
 [0 0 2 0]
 [0 0 0 0]
 [2 0 0 0]]

*********************
AFTER: 
[[0 0 0 0]
 [0 0 0 2]
 [0 2 0 0]
 [0 0 0 2]]

TIME TAKEN FOR STEP: 5.32751828347

*********************

BRANCHES: 108
AI SELECT ACTION: r
*********************
BEFORE: 
[[0 0 0 0]
 [0 0 0 2]
 [0 2 0 0]
 [0 0 0 2]]

*********************
AFTER: 
[[0 2 0 0]
 [0 0 0 2]
 [0 0 0 2]
 [0 0 0 2]]

TIME TAKEN FOR STEP: 5.31779146097

*********************

BRANCHES: 100
AI SELECT ACTION: r
*********************
BEFORE: 
[[0 2 0 0]
 [0 0 0 2]
 [0 0 0 2]
 [0 0 0 2]]

*********************
AFTER: 
[[0 0 0 2]
 [0 0 0 2]
 [0 0 2 2]
 [0 0 0 2]]

TIME TAKEN FOR STEP: 5.72043474207

*********************

BRANCHES: 100
AI SELECT ACTION: r
*********************
BEFORE: 
[[0 0 0 2]
 [0 0 0 2]
 [0 0 2 2]
 [0 0 0 2]]

*********************
AFTER: 
[[0 0 0 2]
 [0 0 0 2]
 [0 2 0 4]
 [0 0 0 2]]

TIME TAKEN FOR STEP: 6.00892800705

*********************

BRANCHES: 94
AI SELECT ACTION: u
*********************
BEFORE: 
[[0 0 0 2]
 [0 0 0 2]
 [0 2 0 4]
 [0 0 0 2]]

*********************
AFTER: 
[[0 2 0 8]
 [0 0 0 2]
 [0 0 2 0]
 [0 0 0 0]]

TIME TAKEN FOR STEP: 5.99807130712

*********************

BRANCHES: 96
AI SELECT ACTION: r
*********************
BEFORE: 
[[0 2 0 8]
 [0 0 0 2]
 [0 0 2 0]
 [0 0 0 0]]

*********************
AFTER: 
[[0 0 2 8]
 [0 0 0 2]
 [2 0 0 2]
 [0 0 0 0]]

TIME TAKEN FOR STEP: 7.10214684614

*********************

BRANCHES: 96
AI SELECT ACTION: r
*********************
BEFORE: 
[[0 0 2 8]
 [0 0 0 2]
 [2 0 0 2]
 [0 0 0 0]]

*********************
AFTER: 
[[0 0 2 8]
 [2 0 0 2]
 [0 0 0 4]
 [0 0 0 0]]

TIME TAKEN FOR STEP: 5.00146607523

*********************

BRANCHES: 92
AI SELECT ACTION: l
*********************
BEFORE: 
[[0 0 2 8]
 [2 0 0 2]
 [0 0 0 4]
 [0 0 0 0]]

*********************
AFTER: 
[[2 8 0 0]
 [4 0 0 0]
 [4 0 0 2]
 [0 0 0 0]]

TIME TAKEN FOR STEP: 5.0024655822

*********************

BRANCHES: 92
AI SELECT ACTION: l
*********************
BEFORE: 
[[2 8 0 0]
 [4 0 0 0]
 [4 0 0 2]
 [0 0 0 0]]

*********************
AFTER: 
[[2 8 0 0]
 [4 0 0 0]
 [4 2 2 0]
 [0 0 0 0]]

TIME TAKEN FOR STEP: 5.00243753279

*********************

BRANCHES: 90
AI SELECT ACTION: u
*********************
BEFORE: 
[[2 8 0 0]
 [4 0 0 0]
 [4 2 2 0]
 [0 0 0 0]]

*********************
AFTER: 
[[2 8 2 0]
 [8 2 0 0]
 [0 0 0 0]
 [0 2 0 0]]

TIME TAKEN FOR STEP: 5.00237155743

*********************

BRANCHES: 84
AI SELECT ACTION: r
*********************
BEFORE: 
[[2 8 2 0]
 [8 2 0 0]
 [0 0 0 0]
 [0 2 0 0]]

*********************
AFTER: 
[[0 2 8 2]
 [0 0 8 2]
 [0 0 0 0]
 [0 2 0 2]]

TIME TAKEN FOR STEP: 5.00205787817

*********************

BRANCHES: 88
AI SELECT ACTION: r
*********************
BEFORE: 
[[0 2 8 2]
 [0 0 8 2]
 [0 0 0 0]
 [0 2 0 2]]

*********************
AFTER: 
[[2 2 8 2]
 [0 0 8 2]
 [0 0 0 0]
 [0 0 0 4]]

TIME TAKEN FOR STEP: 5.00260266872

*********************

BRANCHES: 86
AI SELECT ACTION: u
*********************
BEFORE: 
[[2 2 8 2]
 [0 0 8 2]
 [0 0 0 0]
 [0 0 0 4]]

*********************
AFTER: 
[[ 2  2 16  8]
 [ 0  0  0  0]
 [ 2  0  0  0]
 [ 0  0  0  0]]

TIME TAKEN FOR STEP: 5.00266982927

*********************

BRANCHES: 96
AI SELECT ACTION: u
*********************
BEFORE: 
[[ 2  2 16  8]
 [ 0  0  0  0]
 [ 2  0  0  0]
 [ 0  0  0  0]]

*********************
AFTER: 
[[ 4  2 16  8]
 [ 0  0  0  0]
 [ 0  0  0  0]
 [ 4  0  0  0]]

TIME TAKEN FOR STEP: 5.00164148278

*********************

BRANCHES: 70
AI SELECT ACTION: r
*********************
BEFORE: 
[[ 4  2 16  8]
 [ 0  0  0  0]
 [ 0  0  0  0]
 [ 4  0  0  0]]

*********************
AFTER: 
[[ 4  2 16  8]
 [ 0  0  0  2]
 [ 0  0  0  0]
 [ 0  0  0  4]]

TIME TAKEN FOR STEP: 5.00233916234

*********************

BRANCHES: 60
AI SELECT ACTION: d
*********************
BEFORE: 
[[ 4  2 16  8]
 [ 0  0  0  2]
 [ 0  0  0  0]
 [ 0  0  0  4]]

*********************
AFTER: 
[[ 0  0  0  0]
 [ 0  2  0  8]
 [ 0  0  0  2]
 [ 4  2 16  4]]

TIME TAKEN FOR STEP: 5.00229294008

*********************

BRANCHES: 76
AI SELECT ACTION: u
*********************
BEFORE: 
[[ 0  0  0  0]
 [ 0  2  0  8]
 [ 0  0  0  2]
 [ 4  2 16  4]]

*********************
AFTER: 
[[ 4  4 16  8]
 [ 0  0  0  2]
 [ 0  2  0  4]
 [ 0  0  0  0]]

TIME TAKEN FOR STEP: 5.00112750706

*********************

BRANCHES: 76
AI SELECT ACTION: r
*********************
BEFORE: 
[[ 4  4 16  8]
 [ 0  0  0  2]
 [ 0  2  0  4]
 [ 0  0  0  0]]

*********************
AFTER: 
[[ 2  8 16  8]
 [ 0  0  0  2]
 [ 0  0  2  4]
 [ 0  0  0  0]]

TIME TAKEN FOR STEP: 5.00227081661

*********************

BRANCHES: 54
AI SELECT ACTION: l
*********************
BEFORE: 
[[ 2  8 16  8]
 [ 0  0  0  2]
 [ 0  0  2  4]
 [ 0  0  0  0]]

*********************
AFTER: 
[[ 2  8 16  8]
 [ 2  0  2  0]
 [ 2  4  0  0]
 [ 0  0  0  0]]

TIME TAKEN FOR STEP: 5.00159763089

*********************

BRANCHES: 72
AI SELECT ACTION: u
*********************
BEFORE: 
[[ 2  8 16  8]
 [ 2  0  2  0]
 [ 2  4  0  0]
 [ 0  0  0  0]]

*********************
AFTER: 
[[ 4  8 16  8]
 [ 2  4  2  0]
 [ 0  0  0  0]
 [ 2  0  0  0]]

TIME TAKEN FOR STEP: 5.00160632226

*********************

BRANCHES: 54
AI SELECT ACTION: r
*********************
BEFORE: 
[[ 4  8 16  8]
 [ 2  4  2  0]
 [ 0  0  0  0]
 [ 2  0  0  0]]

*********************
AFTER: 
[[ 4  8 16  8]
 [ 0  2  4  2]
 [ 0  0  0  0]
 [ 0  2  0  2]]

TIME TAKEN FOR STEP: 5.00158064322

*********************

BRANCHES: 68
AI SELECT ACTION: r
*********************
BEFORE: 
[[ 4  8 16  8]
 [ 0  2  4  2]
 [ 0  0  0  0]
 [ 0  2  0  2]]

*********************
AFTER: 
[[ 4  8 16  8]
 [ 0  2  4  2]
 [ 0  0  0  0]
 [ 2  0  0  4]]

TIME TAKEN FOR STEP: 5.00283733558

*********************

BRANCHES: 56
AI SELECT ACTION: u
*********************
BEFORE: 
[[ 4  8 16  8]
 [ 0  2  4  2]
 [ 0  0  0  0]
 [ 2  0  0  4]]

*********************
AFTER: 
[[ 4  8 16  8]
 [ 2  2  4  2]
 [ 0  2  0  4]
 [ 0  0  0  0]]

TIME TAKEN FOR STEP: 5.00250587852

*********************

BRANCHES: 58
AI SELECT ACTION: r
*********************
BEFORE: 
[[ 4  8 16  8]
 [ 2  2  4  2]
 [ 0  2  0  4]
 [ 0  0  0  0]]

*********************
AFTER: 
[[ 4  8 16  8]
 [ 0  4  4  2]
 [ 0  2  2  4]
 [ 0  0  0  0]]

TIME TAKEN FOR STEP: 5.00132780352

*********************

BRANCHES: 46
AI SELECT ACTION: r
*********************
BEFORE: 
[[ 4  8 16  8]
 [ 0  4  4  2]
 [ 0  2  2  4]
 [ 0  0  0  0]]

*********************
AFTER: 
[[ 4  8 16  8]
 [ 0  0  8  2]
 [ 0  2  4  4]
 [ 0  0  0  0]]

TIME TAKEN FOR STEP: 5.00148503821

*********************

BRANCHES: 60
AI SELECT ACTION: l
*********************
BEFORE: 
[[ 4  8 16  8]
 [ 0  0  8  2]
 [ 0  2  4  4]
 [ 0  0  0  0]]

*********************
AFTER: 
[[ 4  8 16  8]
 [ 8  2  0  0]
 [ 2  8  0  0]
 [ 0  0  2  0]]

TIME TAKEN FOR STEP: 5.00248256986

*********************

BRANCHES: 56
AI SELECT ACTION: l
*********************
BEFORE: 
[[ 4  8 16  8]
 [ 8  2  0  0]
 [ 2  8  0  0]
 [ 0  0  2  0]]

*********************
AFTER: 
[[ 4  8 16  8]
 [ 8  2  4  0]
 [ 2  8  0  0]
 [ 2  0  0  0]]

TIME TAKEN FOR STEP: 5.00077353148

*********************

BRANCHES: 40
AI SELECT ACTION: u
*********************
BEFORE: 
[[ 4  8 16  8]
 [ 8  2  4  0]
 [ 2  8  0  0]
 [ 2  0  0  0]]

*********************
AFTER: 
[[ 4  8 16  8]
 [ 8  2  4  0]
 [ 4  8  0  0]
 [ 0  0  0  2]]

TIME TAKEN FOR STEP: 5.00228740921

*********************

BRANCHES: 48
AI SELECT ACTION: u
*********************
BEFORE: 
[[ 4  8 16  8]
 [ 8  2  4  0]
 [ 4  8  0  0]
 [ 0  0  0  2]]

*********************
AFTER: 
[[ 4  8 16  8]
 [ 8  2  4  2]
 [ 4  8  0  0]
 [ 2  0  0  0]]

TIME TAKEN FOR STEP: 5.00264494036

*********************

BRANCHES: 20
AI SELECT ACTION: d
*********************
BEFORE: 
[[ 4  8 16  8]
 [ 8  2  4  2]
 [ 4  8  0  0]
 [ 2  0  0  0]]

*********************
AFTER: 
[[ 4  0  0  0]
 [ 8  8  0  2]
 [ 4  2 16  8]
 [ 2  8  4  2]]

TIME TAKEN FOR STEP: 5.00111644533

*********************

BRANCHES: 28
AI SELECT ACTION: r
*********************
BEFORE: 
[[ 4  0  0  0]
 [ 8  8  0  2]
 [ 4  2 16  8]
 [ 2  8  4  2]]

*********************
AFTER: 
[[ 0  2  0  4]
 [ 0  0 16  2]
 [ 4  2 16  8]
 [ 2  8  4  2]]

TIME TAKEN FOR STEP: 5.00241422413

*********************

BRANCHES: 40
AI SELECT ACTION: l
*********************
BEFORE: 
[[ 0  2  0  4]
 [ 0  0 16  2]
 [ 4  2 16  8]
 [ 2  8  4  2]]

*********************
AFTER: 
[[ 2  4  0  0]
 [16  2  2  0]
 [ 4  2 16  8]
 [ 2  8  4  2]]

TIME TAKEN FOR STEP: 5.00254340942

*********************

BRANCHES: 34
AI SELECT ACTION: r
*********************
BEFORE: 
[[ 2  4  0  0]
 [16  2  2  0]
 [ 4  2 16  8]
 [ 2  8  4  2]]

*********************
AFTER: 
[[ 0  2  2  4]
 [ 0  0 16  4]
 [ 4  2 16  8]
 [ 2  8  4  2]]

TIME TAKEN FOR STEP: 5.00158261853

*********************

BRANCHES: 44
AI SELECT ACTION: d
*********************
BEFORE: 
[[ 0  2  2  4]
 [ 0  0 16  4]
 [ 4  2 16  8]
 [ 2  8  4  2]]

*********************
AFTER: 
[[ 2  0  0  0]
 [ 0  0  2  8]
 [ 4  4 32  8]
 [ 2  8  4  2]]

TIME TAKEN FOR STEP: 5.00252760694

*********************

BRANCHES: 48
AI SELECT ACTION: r
*********************
BEFORE: 
[[ 2  0  0  0]
 [ 0  0  2  8]
 [ 4  4 32  8]
 [ 2  8  4  2]]

*********************
AFTER: 
[[ 0  0  0  2]
 [ 2  0  2  8]
 [ 0  8 32  8]
 [ 2  8  4  2]]

TIME TAKEN FOR STEP: 5.00232138455

*********************

BRANCHES: 56
AI SELECT ACTION: d
*********************
BEFORE: 
[[ 0  0  0  2]
 [ 2  0  2  8]
 [ 0  8 32  8]
 [ 2  8  4  2]]

*********************
AFTER: 
[[ 0  0  0  2]
 [ 0  0  2  2]
 [ 0  0 32 16]
 [ 4 16  4  2]]

TIME TAKEN FOR STEP: 5.00223881658

*********************

BRANCHES: 64
AI SELECT ACTION: u
*********************
BEFORE: 
[[ 0  0  0  2]
 [ 0  0  2  2]
 [ 0  0 32 16]
 [ 4 16  4  2]]

*********************
AFTER: 
[[ 4 16  2  4]
 [ 0  0 32 16]
 [ 0  0  4  2]
 [ 0  0  0  4]]

TIME TAKEN FOR STEP: 5.0009054822

*********************

BRANCHES: 28
AI SELECT ACTION: l
*********************
BEFORE: 
[[ 4 16  2  4]
 [ 0  0 32 16]
 [ 0  0  4  2]
 [ 0  0  0  4]]

*********************
AFTER: 
[[ 4 16  2  4]
 [32 16  0  0]
 [ 4  2  0  0]
 [ 4  0  0  2]]

TIME TAKEN FOR STEP: 5.00243871798

*********************

BRANCHES: 56
AI SELECT ACTION: d
*********************
BEFORE: 
[[ 4 16  2  4]
 [32 16  0  0]
 [ 4  2  0  0]
 [ 4  0  0  2]]

*********************
AFTER: 
[[ 0  0  2  0]
 [ 4  0  0  0]
 [32 32  0  4]
 [ 8  2  2  2]]

TIME TAKEN FOR STEP: 5.00178449524

*********************

BRANCHES: 68
AI SELECT ACTION: r
*********************
BEFORE: 
[[ 0  0  2  0]
 [ 4  0  0  0]
 [32 32  0  4]
 [ 8  2  2  2]]

*********************
AFTER: 
[[ 0  0  0  2]
 [ 2  0  0  4]
 [ 0  0 64  4]
 [ 0  8  2  4]]

TIME TAKEN FOR STEP: 5.00182084094

*********************

BRANCHES: 68
AI SELECT ACTION: l
*********************
BEFORE: 
[[ 0  0  0  2]
 [ 2  0  0  4]
 [ 0  0 64  4]
 [ 0  8  2  4]]

*********************
AFTER: 
[[ 2  0  0  0]
 [ 2  4  0  2]
 [64  4  0  0]
 [ 8  2  4  0]]

TIME TAKEN FOR STEP: 5.00248494024

*********************

BRANCHES: 64
AI SELECT ACTION: d
*********************
BEFORE: 
[[ 2  0  0  0]
 [ 2  4  0  2]
 [64  4  0  0]
 [ 8  2  4  0]]

*********************
AFTER: 
[[ 0  0  0  0]
 [ 4  0  2  0]
 [64  8  0  0]
 [ 8  2  4  2]]

TIME TAKEN FOR STEP: 5.00195042129

*********************

BRANCHES: 64
AI SELECT ACTION: r
*********************
BEFORE: 
[[ 0  0  0  0]
 [ 4  0  2  0]
 [64  8  0  0]
 [ 8  2  4  2]]

*********************
AFTER: 
[[ 0  0  0  0]
 [ 0  0  4  2]
 [ 2  0 64  8]
 [ 8  2  4  2]]

TIME TAKEN FOR STEP: 5.00109313667

*********************

BRANCHES: 42
AI SELECT ACTION: r
*********************
BEFORE: 
[[ 0  0  0  0]
 [ 0  0  4  2]
 [ 2  0 64  8]
 [ 8  2  4  2]]

*********************
AFTER: 
[[ 0  0  2  0]
 [ 0  0  4  2]
 [ 0  2 64  8]
 [ 8  2  4  2]]

TIME TAKEN FOR STEP: 5.002744496

*********************

BRANCHES: 52
AI SELECT ACTION: r
*********************
BEFORE: 
[[ 0  0  2  0]
 [ 0  0  4  2]
 [ 0  2 64  8]
 [ 8  2  4  2]]

*********************
AFTER: 
[[ 0  2  0  2]
 [ 0  0  4  2]
 [ 0  2 64  8]
 [ 8  2  4  2]]

TIME TAKEN FOR STEP: 5.002528002

*********************

BRANCHES: 52
AI SELECT ACTION: l
*********************
BEFORE: 
[[ 0  2  0  2]
 [ 0  0  4  2]
 [ 0  2 64  8]
 [ 8  2  4  2]]

*********************
AFTER: 
[[ 4  2  0  0]
 [ 4  2  0  0]
 [ 2 64  8  0]
 [ 8  2  4  2]]

TIME TAKEN FOR STEP: 5.00059101281

*********************

BRANCHES: 38
AI SELECT ACTION: u
*********************
BEFORE: 
[[ 4  2  0  0]
 [ 4  2  0  0]
 [ 2 64  8  0]
 [ 8  2  4  2]]

*********************
AFTER: 
[[ 8  4  8  2]
 [ 2 64  4  0]
 [ 8  2  0  0]
 [ 0  0  0  2]]

TIME TAKEN FOR STEP: 5.00211002636

*********************

BRANCHES: 52
AI SELECT ACTION: u
*********************
BEFORE: 
[[ 8  4  8  2]
 [ 2 64  4  0]
 [ 8  2  0  0]
 [ 0  0  0  2]]

*********************
AFTER: 
[[ 8  4  8  4]
 [ 2 64  4  0]
 [ 8  2  0  2]
 [ 0  0  0  0]]

TIME TAKEN FOR STEP: 5.00242726118

*********************

BRANCHES: 52
AI SELECT ACTION: u
*********************
BEFORE: 
[[ 8  4  8  4]
 [ 2 64  4  0]
 [ 8  2  0  2]
 [ 0  0  0  0]]

*********************
AFTER: 
[[ 8  4  8  4]
 [ 2 64  4  2]
 [ 8  2  0  0]
 [ 0  0  0  4]]

TIME TAKEN FOR STEP: 5.00232494011

*********************

BRANCHES: 40
AI SELECT ACTION: d
*********************
BEFORE: 
[[ 8  4  8  4]
 [ 2 64  4  2]
 [ 8  2  0  0]
 [ 0  0  0  4]]

*********************
AFTER: 
[[ 0  0  0  4]
 [ 8  4  0  4]
 [ 2 64  8  2]
 [ 8  2  4  4]]

TIME TAKEN FOR STEP: 5.00132859364

*********************

BRANCHES: 46
AI SELECT ACTION: l
*********************
BEFORE: 
[[ 0  0  0  4]
 [ 8  4  0  4]
 [ 2 64  8  2]
 [ 8  2  4  4]]

*********************
AFTER: 
[[ 4  0  0  0]
 [ 8  8  0  2]
 [ 2 64  8  2]
 [ 8  2  8  0]]

TIME TAKEN FOR STEP: 5.0024363476

*********************

BRANCHES: 52
AI SELECT ACTION: u
*********************
BEFORE: 
[[ 4  0  0  0]
 [ 8  8  0  2]
 [ 2 64  8  2]
 [ 8  2  8  0]]

*********************
AFTER: 
[[ 4  8 16  4]
 [ 8 64  0  0]
 [ 2  2  0  0]
 [ 8  0  0  2]]

TIME TAKEN FOR STEP: 5.00278123677

*********************

BRANCHES: 52
AI SELECT ACTION: l
*********************
BEFORE: 
[[ 4  8 16  4]
 [ 8 64  0  0]
 [ 2  2  0  0]
 [ 8  0  0  2]]

*********************
AFTER: 
[[ 4  8 16  4]
 [ 8 64  0  0]
 [ 4  0  0  0]
 [ 8  2  0  2]]

TIME TAKEN FOR STEP: 5.00168138404

*********************

BRANCHES: 52
AI SELECT ACTION: d
*********************
BEFORE: 
[[ 4  8 16  4]
 [ 8 64  0  0]
 [ 4  0  0  0]
 [ 8  2  0  2]]

*********************
AFTER: 
[[ 4  0  2  0]
 [ 8  8  0  0]
 [ 4 64  0  4]
 [ 8  2 16  2]]

TIME TAKEN FOR STEP: 5.00178844586

*********************

BRANCHES: 44
AI SELECT ACTION: u
*********************
BEFORE: 
[[ 4  0  2  0]
 [ 8  8  0  0]
 [ 4 64  0  4]
 [ 8  2 16  2]]

*********************
AFTER: 
[[ 4  8  2  4]
 [ 8 64 16  2]
 [ 4  2  2  0]
 [ 8  0  0  0]]

TIME TAKEN FOR STEP: 5.00184138417

*********************

BRANCHES: 30
AI SELECT ACTION: l
*********************
BEFORE: 
[[ 4  8  2  4]
 [ 8 64 16  2]
 [ 4  2  2  0]
 [ 8  0  0  0]]

*********************
AFTER: 
[[ 4  8  2  4]
 [ 8 64 16  2]
 [ 4  4  0  2]
 [ 8  0  0  0]]

TIME TAKEN FOR STEP: 5.001502816

*********************

BRANCHES: 42
AI SELECT ACTION: l
*********************
BEFORE: 
[[ 4  8  2  4]
 [ 8 64 16  2]
 [ 4  4  0  2]
 [ 8  0  0  0]]

*********************
AFTER: 
[[ 4  8  2  4]
 [ 8 64 16  2]
 [ 8  2  0  0]
 [ 8  0  0  2]]

TIME TAKEN FOR STEP: 5.00220168075

*********************

BRANCHES: 42
AI SELECT ACTION: r
*********************
BEFORE: 
[[ 4  8  2  4]
 [ 8 64 16  2]
 [ 8  2  0  0]
 [ 8  0  0  2]]

*********************
AFTER: 
[[ 4  8  2  4]
 [ 8 64 16  2]
 [ 0  2  8  2]
 [ 0  0  8  2]]

TIME TAKEN FOR STEP: 5.00270815029

*********************

BRANCHES: 28
AI SELECT ACTION: l
*********************
BEFORE: 
[[ 4  8  2  4]
 [ 8 64 16  2]
 [ 0  2  8  2]
 [ 0  0  8  2]]

*********************
AFTER: 
[[ 4  8  2  4]
 [ 8 64 16  2]
 [ 2  8  2  0]
 [ 8  2  2  0]]

TIME TAKEN FOR STEP: 5.00120967997

*********************

BRANCHES: 24
AI SELECT ACTION: l
*********************
BEFORE: 
[[ 4  8  2  4]
 [ 8 64 16  2]
 [ 2  8  2  0]
 [ 8  2  2  0]]

*********************
AFTER: 
[[ 4  8  2  4]
 [ 8 64 16  2]
 [ 2  8  2  0]
 [ 8  4  0  2]]

TIME TAKEN FOR STEP: 5.00183150762

*********************

BRANCHES: 22
AI SELECT ACTION: l
*********************
BEFORE: 
[[ 4  8  2  4]
 [ 8 64 16  2]
 [ 2  8  2  0]
 [ 8  4  0  2]]

*********************
AFTER: 
[[ 4  8  2  4]
 [ 8 64 16  2]
 [ 2  8  2  0]
 [ 8  4  2  2]]

TIME TAKEN FOR STEP: 5.00279387875

*********************

BRANCHES: 26
AI SELECT ACTION: r
*********************
BEFORE: 
[[ 4  8  2  4]
 [ 8 64 16  2]
 [ 2  8  2  0]
 [ 8  4  2  2]]

*********************
AFTER: 
[[ 4  8  2  4]
 [ 8 64 16  2]
 [ 2  2  8  2]
 [ 0  0  0 16]]

TIME TAKEN FOR STEP: 5.00248454517

*********************

BRANCHES: 34
AI SELECT ACTION: r
*********************
BEFORE: 
[[ 4  8  2  4]
 [ 8 64 16  2]
 [ 2  2  8  2]
 [ 0  0  0 16]]

*********************
AFTER: 
[[ 4  8  2  4]
 [ 8 64 16  2]
 [ 0  4  8  2]
 [ 2  0  0 16]]

TIME TAKEN FOR STEP: 5.00125353185

*********************

BRANCHES: 30
AI SELECT ACTION: d
*********************
BEFORE: 
[[ 4  8  2  4]
 [ 8 64 16  2]
 [ 0  4  8  2]
 [ 2  0  0 16]]

*********************
AFTER: 
[[ 0  2  0  0]
 [ 4  8  2  0]
 [ 8 64 16  8]
 [ 2  4  8 16]]

TIME TAKEN FOR STEP: 5.00291990354

*********************

BRANCHES: 24
AI SELECT ACTION: l
*********************
BEFORE: 
[[ 0  2  0  0]
 [ 4  8  2  0]
 [ 8 64 16  8]
 [ 2  4  8 16]]

*********************
AFTER: 
[[ 2  0  2  0]
 [ 4  8  2  0]
 [ 8 64 16  8]
 [ 2  4  8 16]]

TIME TAKEN FOR STEP: 5.00163792722

*********************

BRANCHES: 32
AI SELECT ACTION: u
*********************
BEFORE: 
[[ 2  0  2  0]
 [ 4  8  2  0]
 [ 8 64 16  8]
 [ 2  4  8 16]]

*********************
AFTER: 
[[ 2  8  4  8]
 [ 4 64 16 16]
 [ 8  4  8  0]
 [ 2  0  2  0]]

TIME TAKEN FOR STEP: 5.00081540805

*********************

BRANCHES: 26
AI SELECT ACTION: r
*********************
BEFORE: 
[[ 2  8  4  8]
 [ 4 64 16 16]
 [ 8  4  8  0]
 [ 2  0  2  0]]

*********************
AFTER: 
[[ 2  8  4  8]
 [ 0  4 64 32]
 [ 0  8  4  8]
 [ 0  0  2  4]]

TIME TAKEN FOR STEP: 5.00210054487

*********************

BRANCHES: 16
AI SELECT ACTION: l
*********************
BEFORE: 
[[ 2  8  4  8]
 [ 0  4 64 32]
 [ 0  8  4  8]
 [ 0  0  2  4]]

*********************
AFTER: 
[[ 2  8  4  8]
 [ 4 64 32  0]
 [ 8  4  8  0]
 [ 2  4  2  0]]

TIME TAKEN FOR STEP: 5.00213135971

*********************

BRANCHES: 22
AI SELECT ACTION: d
*********************
BEFORE: 
[[ 2  8  4  8]
 [ 4 64 32  0]
 [ 8  4  8  0]
 [ 2  4  2  0]]

*********************
AFTER: 
[[ 2  0  4  0]
 [ 4  8 32  2]
 [ 8 64  8  0]
 [ 2  8  2  8]]

TIME TAKEN FOR STEP: 5.00122311208

*********************

BRANCHES: 24
AI SELECT ACTION: u
*********************
BEFORE: 
[[ 2  0  4  0]
 [ 4  8 32  2]
 [ 8 64  8  0]
 [ 2  8  2  8]]

*********************
AFTER: 
[[ 2  8  4  2]
 [ 4 64 32  8]
 [ 8  8  8  4]
 [ 2  0  2  0]]

TIME TAKEN FOR STEP: 5.00213412514

*********************

BRANCHES: 20
AI SELECT ACTION: r
*********************
BEFORE: 
[[ 2  8  4  2]
 [ 4 64 32  8]
 [ 8  8  8  4]
 [ 2  0  2  0]]

*********************
AFTER: 
[[ 2  8  4  2]
 [ 4 64 32  8]
 [ 0  8 16  4]
 [ 2  0  0  4]]

TIME TAKEN FOR STEP: 5.00215071775

*********************

BRANCHES: 30
AI SELECT ACTION: d
*********************
BEFORE: 
[[ 2  8  4  2]
 [ 4 64 32  8]
 [ 0  8 16  4]
 [ 2  0  0  4]]

*********************
AFTER: 
[[ 2  0  0  0]
 [ 2  8  4  0]
 [ 4 64 32  2]
 [ 2  8 16 16]]

TIME TAKEN FOR STEP: 5.00092760567

*********************

BRANCHES: 42
AI SELECT ACTION: l
*********************
BEFORE: 
[[ 2  0  0  0]
 [ 2  8  4  0]
 [ 4 64 32  2]
 [ 2  8 16 16]]

*********************
AFTER: 
[[ 2  0  0  0]
 [ 2  8  4  2]
 [ 4 64 32  2]
 [ 2  8 32  0]]

TIME TAKEN FOR STEP: 5.00283773064

*********************

BRANCHES: 38
AI SELECT ACTION: u
*********************
BEFORE: 
[[ 2  0  0  0]
 [ 2  8  4  2]
 [ 4 64 32  2]
 [ 2  8 32  0]]

*********************
AFTER: 
[[ 8  8  4  4]
 [ 2 64 64  0]
 [ 0  8  0  0]
 [ 0  0  0  2]]

TIME TAKEN FOR STEP: 5.00352908921

*********************

BRANCHES: 68
AI SELECT ACTION: u
*********************
BEFORE: 
[[ 8  8  4  4]
 [ 2 64 64  0]
 [ 0  8  0  0]
 [ 0  0  0  2]]

*********************
AFTER: 
[[ 8  8  4  4]
 [ 2 64 64  2]
 [ 0  8  2  0]
 [ 0  0  0  0]]

TIME TAKEN FOR STEP: 5.00200098924

*********************

BRANCHES: 48
AI SELECT ACTION: d
*********************
BEFORE: 
[[ 8  8  4  4]
 [ 2 64 64  2]
 [ 0  8  2  0]
 [ 0  0  0  0]]

*********************
AFTER: 
[[ 0  0  0  2]
 [ 0  8  4  0]
 [ 8 64 64  4]
 [ 2  8  2  2]]

TIME TAKEN FOR STEP: 5.00143130977

*********************

BRANCHES: 48
AI SELECT ACTION: l
*********************
BEFORE: 
[[ 0  0  0  2]
 [ 0  8  4  0]
 [ 8 64 64  4]
 [ 2  8  2  2]]

*********************
AFTER: 
[[  2   2   0   0]
 [  8   4   0   0]
 [  8 128   4   0]
 [  2   8   4   0]]

TIME TAKEN FOR STEP: 5.00318420005

*********************

BRANCHES: 60
AI SELECT ACTION: d
*********************
BEFORE: 
[[  2   2   0   0]
 [  8   4   0   0]
 [  8 128   4   0]
 [  2   8   4   0]]

*********************
AFTER: 
[[  0   2   0   2]
 [  2   4   0   0]
 [ 16 128   0   0]
 [  2   8   8   0]]

TIME TAKEN FOR STEP: 5.00290607637

*********************

BRANCHES: 64
AI SELECT ACTION: r
*********************
BEFORE: 
[[  0   2   0   2]
 [  2   4   0   0]
 [ 16 128   0   0]
 [  2   8   8   0]]

*********************
AFTER: 
[[  0   0   0   4]
 [  0   0   2   4]
 [  0   2  16 128]
 [  0   0   2  16]]

TIME TAKEN FOR STEP: 5.00184770516

*********************

BRANCHES: 52
AI SELECT ACTION: d
*********************
BEFORE: 
[[  0   0   0   4]
 [  0   0   2   4]
 [  0   2  16 128]
 [  0   0   2  16]]

*********************
AFTER: 
[[  0   0   0   0]
 [  0   0   2   8]
 [  0   2  16 128]
 [  0   2   2  16]]

TIME TAKEN FOR STEP: 5.0018899768

*********************

BRANCHES: 72
AI SELECT ACTION: u
*********************
BEFORE: 
[[  0   0   0   0]
 [  0   0   2   8]
 [  0   2  16 128]
 [  0   2   2  16]]

*********************
AFTER: 
[[  0   4   2   8]
 [  0   0  16 128]
 [  0   0   2  16]
 [  0   2   0   0]]

TIME TAKEN FOR STEP: 5.00217244616

*********************

BRANCHES: 64
AI SELECT ACTION: u
*********************
BEFORE: 
[[  0   4   2   8]
 [  0   0  16 128]
 [  0   0   2  16]
 [  0   2   0   0]]

*********************
AFTER: 
[[  0   4   2   8]
 [  0   2  16 128]
 [  0   0   2  16]
 [  2   0   0   0]]

TIME TAKEN FOR STEP: 5.00213373008

*********************

BRANCHES: 56
AI SELECT ACTION: l
*********************
BEFORE: 
[[  0   4   2   8]
 [  0   2  16 128]
 [  0   0   2  16]
 [  2   0   0   0]]

*********************
AFTER: 
[[  4   2   8   0]
 [  2  16 128   0]
 [  2  16   0   0]
 [  2   2   0   0]]

TIME TAKEN FOR STEP: 5.00250429827

*********************

BRANCHES: 60
AI SELECT ACTION: l
*********************
BEFORE: 
[[  4   2   8   0]
 [  2  16 128   0]
 [  2  16   0   0]
 [  2   2   0   0]]

*********************
AFTER: 
[[  4   2   8   0]
 [  2  16 128   2]
 [  2  16   0   0]
 [  4   0   0   0]]

TIME TAKEN FOR STEP: 5.00210133499

*********************

BRANCHES: 48
AI SELECT ACTION: d
*********************
BEFORE: 
[[  4   2   8   0]
 [  2  16 128   2]
 [  2  16   0   0]
 [  4   0   0   0]]

*********************
AFTER: 
[[  2   0   0   0]
 [  0   0   0   0]
 [  8   2   8   0]
 [  4  32 128   2]]

TIME TAKEN FOR STEP: 5.00125590223

*********************

BRANCHES: 48
AI SELECT ACTION: d
*********************
BEFORE: 
[[  2   0   0   0]
 [  0   0   0   0]
 [  8   2   8   0]
 [  4  32 128   2]]

*********************
AFTER: 
[[  0   0   0   0]
 [  2   0   2   0]
 [  8   2   8   0]
 [  4  32 128   2]]

TIME TAKEN FOR STEP: 5.00260543416

*********************

BRANCHES: 46
AI SELECT ACTION: u
*********************
BEFORE: 
[[  0   0   0   0]
 [  2   0   2   0]
 [  8   2   8   0]
 [  4  32 128   2]]

*********************
AFTER: 
[[  2   2   2   2]
 [  8  32   8   4]
 [  4   0 128   0]
 [  0   0   0   0]]

TIME TAKEN FOR STEP: 5.0019816312

*********************

BRANCHES: 44
AI SELECT ACTION: d
*********************
BEFORE: 
[[  2   2   2   2]
 [  8  32   8   4]
 [  4   0 128   0]
 [  0   0   0   0]]

*********************
AFTER: 
[[  0   0   0   0]
 [  2   4   2   0]
 [  8   2   8   2]
 [  4  32 128   4]]

TIME TAKEN FOR STEP: 5.00217165604

*********************

BRANCHES: 20
AI SELECT ACTION: r
*********************
BEFORE: 
[[  0   0   0   0]
 [  2   4   2   0]
 [  8   2   8   2]
 [  4  32 128   4]]

*********************
AFTER: 
[[  0   0   0   0]
 [  2   2   4   2]
 [  8   2   8   2]
 [  4  32 128   4]]

TIME TAKEN FOR STEP: 5.00144908756

*********************

BRANCHES: 48
AI SELECT ACTION: u
*********************
BEFORE: 
[[  0   0   0   0]
 [  2   2   4   2]
 [  8   2   8   2]
 [  4  32 128   4]]

*********************
AFTER: 
[[  2   4   4   8]
 [  8  32   8   0]
 [  4   0 128   2]
 [  0   0   0   0]]

TIME TAKEN FOR STEP: 5.00208790288

*********************

BRANCHES: 54
AI SELECT ACTION: l
*********************
BEFORE: 
[[  2   4   4   8]
 [  8  32   8   0]
 [  4   0 128   2]
 [  0   0   0   0]]

*********************
AFTER: 
[[  2  16   4   0]
 [  8  32   8   0]
 [  4 128   2   0]
 [  0   0   0   0]]

TIME TAKEN FOR STEP: 5.00275674292

*********************

BRANCHES: 28
AI SELECT ACTION: r
*********************
BEFORE: 
[[  2  16   4   0]
 [  8  32   8   0]
 [  4 128   2   0]
 [  0   0   0   0]]

*********************
AFTER: 
[[  0   2  16   4]
 [  0   8  32   8]
 [  0   4 128   2]
 [  0   0   2   0]]

TIME TAKEN FOR STEP: 5.00093906247

*********************

BRANCHES: 36
AI SELECT ACTION: d
*********************
BEFORE: 
[[  0   2  16   4]
 [  0   8  32   8]
 [  0   4 128   2]
 [  0   0   2   0]]

*********************
AFTER: 
[[  0   0  16   2]
 [  0   2  32   4]
 [  0   8 128   8]
 [  0   4   2   2]]

TIME TAKEN FOR STEP: 5.00184296442

*********************

BRANCHES: 36
AI SELECT ACTION: l
*********************
BEFORE: 
[[  0   0  16   2]
 [  0   2  32   4]
 [  0   8 128   8]
 [  0   4   2   2]]

*********************
AFTER: 
[[ 16   2   0   0]
 [  2  32   4   0]
 [  8 128   8   4]
 [  4   4   0   0]]

TIME TAKEN FOR STEP: 5.00203970532

*********************

BRANCHES: 44
AI SELECT ACTION: l
*********************
BEFORE: 
[[ 16   2   0   0]
 [  2  32   4   0]
 [  8 128   8   4]
 [  4   4   0   0]]

*********************
AFTER: 
[[ 16   2   0   0]
 [  2  32   4   0]
 [  8 128   8   4]
 [  8   0   2   0]]

TIME TAKEN FOR STEP: 5.00148977895

*********************

BRANCHES: 44
AI SELECT ACTION: u
*********************
BEFORE: 
[[ 16   2   0   0]
 [  2  32   4   0]
 [  8 128   8   4]
 [  8   0   2   0]]

*********************
AFTER: 
[[ 16   2   4   4]
 [  2  32   8   2]
 [ 16 128   2   0]
 [  0   0   0   0]]

TIME TAKEN FOR STEP: 5.00245886614

*********************

BRANCHES: 34
AI SELECT ACTION: r
*********************
BEFORE: 
[[ 16   2   4   4]
 [  2  32   8   2]
 [ 16 128   2   0]
 [  0   0   0   0]]

*********************
AFTER: 
[[  0  16   2   8]
 [  2  32   8   2]
 [  2  16 128   2]
 [  0   0   0   0]]

TIME TAKEN FOR STEP: 5.00256948351

*********************

BRANCHES: 38
AI SELECT ACTION: d
*********************
BEFORE: 
[[  0  16   2   8]
 [  2  32   8   2]
 [  2  16 128   2]
 [  0   0   0   0]]

*********************
AFTER: 
[[  0   0   0   0]
 [  0  16   2   0]
 [  2  32   8   8]
 [  4  16 128   4]]

TIME TAKEN FOR STEP: 5.0005234572

*********************

BRANCHES: 40
AI SELECT ACTION: r
*********************
BEFORE: 
[[  0   0   0   0]
 [  0  16   2   0]
 [  2  32   8   8]
 [  4  16 128   4]]

*********************
AFTER: 
[[  0   0   2   0]
 [  0   0  16   2]
 [  0   2  32  16]
 [  4  16 128   4]]

TIME TAKEN FOR STEP: 5.00240632289

*********************

BRANCHES: 36
AI SELECT ACTION: l
*********************
BEFORE: 
[[  0   0   2   0]
 [  0   0  16   2]
 [  0   2  32  16]
 [  4  16 128   4]]

*********************
AFTER: 
[[  2   0   0   0]
 [ 16   2   0   2]
 [  2  32  16   0]
 [  4  16 128   4]]

TIME TAKEN FOR STEP: 5.00254815016

*********************

BRANCHES: 44
AI SELECT ACTION: r
*********************
BEFORE: 
[[  2   0   0   0]
 [ 16   2   0   2]
 [  2  32  16   0]
 [  4  16 128   4]]

*********************
AFTER: 
[[  0   0   0   2]
 [  2   0  16   4]
 [  0   2  32  16]
 [  4  16 128   4]]

TIME TAKEN FOR STEP: 5.00256000202

*********************

BRANCHES: 40
AI SELECT ACTION: r
*********************
BEFORE: 
[[  0   0   0   2]
 [  2   0  16   4]
 [  0   2  32  16]
 [  4  16 128   4]]

*********************
AFTER: 
[[  0   2   0   2]
 [  0   2  16   4]
 [  0   2  32  16]
 [  4  16 128   4]]

TIME TAKEN FOR STEP: 5.00067239559

*********************

BRANCHES: 40
AI SELECT ACTION: r
*********************
BEFORE: 
[[  0   2   0   2]
 [  0   2  16   4]
 [  0   2  32  16]
 [  4  16 128   4]]

*********************
AFTER: 
[[  0   2   0   4]
 [  0   2  16   4]
 [  0   2  32  16]
 [  4  16 128   4]]

TIME TAKEN FOR STEP: 5.00264256999

*********************

BRANCHES: 40
AI SELECT ACTION: d
*********************
BEFORE: 
[[  0   2   0   4]
 [  0   2  16   4]
 [  0   2  32  16]
 [  4  16 128   4]]

*********************
AFTER: 
[[  2   0   0   0]
 [  0   2  16   8]
 [  0   4  32  16]
 [  4  16 128   4]]

TIME TAKEN FOR STEP: 5.00224237214

*********************

BRANCHES: 40
AI SELECT ACTION: r
*********************
BEFORE: 
[[  2   0   0   0]
 [  0   2  16   8]
 [  0   4  32  16]
 [  4  16 128   4]]

*********************
AFTER: 
[[  0   0   0   2]
 [  0   2  16   8]
 [  2   4  32  16]
 [  4  16 128   4]]

TIME TAKEN FOR STEP: 5.00156444568

*********************

BRANCHES: 16
AI SELECT ACTION: u
*********************
BEFORE: 
[[  0   0   0   2]
 [  0   2  16   8]
 [  2   4  32  16]
 [  4  16 128   4]]

*********************
AFTER: 
[[  2   2  16   2]
 [  4   4  32   8]
 [  0  16 128  16]
 [  0   0   2   4]]

TIME TAKEN FOR STEP: 5.00240592783

*********************

BRANCHES: 26
AI SELECT ACTION: r
*********************
BEFORE: 
[[  2   2  16   2]
 [  4   4  32   8]
 [  0  16 128  16]
 [  0   0   2   4]]

*********************
AFTER: 
[[  0   4  16   2]
 [  0   8  32   8]
 [  0  16 128  16]
 [  0   2   2   4]]

TIME TAKEN FOR STEP: 5.00246005133

*********************

BRANCHES: 22
AI SELECT ACTION: l
*********************
BEFORE: 
[[  0   4  16   2]
 [  0   8  32   8]
 [  0  16 128  16]
 [  0   2   2   4]]

*********************
AFTER: 
[[  4  16   2   2]
 [  8  32   8   0]
 [ 16 128  16   0]
 [  8   0   0   0]]

TIME TAKEN FOR STEP: 5.0015225691

*********************

BRANCHES: 34
AI SELECT ACTION: d
*********************
BEFORE: 
[[  4  16   2   2]
 [  8  32   8   0]
 [ 16 128  16   0]
 [  8   0   0   0]]

*********************
AFTER: 
[[  4   2   0   0]
 [  8  16   2   0]
 [ 16  32   8   0]
 [  8 128  16   2]]

TIME TAKEN FOR STEP: 5.00257936006

*********************

BRANCHES: 16
AI SELECT ACTION: u
*********************
BEFORE: 
[[  4   2   0   0]
 [  8  16   2   0]
 [ 16  32   8   0]
 [  8 128  16   2]]

*********************
AFTER: 
[[  4   2   2   2]
 [  8  16   8   0]
 [ 16  32  16   0]
 [  8 128   0   2]]

TIME TAKEN FOR STEP: 5.0016454334

*********************

BRANCHES: 32
AI SELECT ACTION: r
*********************
BEFORE: 
[[  4   2   2   2]
 [  8  16   8   0]
 [ 16  32  16   0]
 [  8 128   0   2]]

*********************
AFTER: 
[[  0   4   2   4]
 [  0   8  16   8]
 [  2  16  32  16]
 [  0   8 128   2]]

TIME TAKEN FOR STEP: 5.00185007554

*********************

BRANCHES: 18
AI SELECT ACTION: u
*********************
BEFORE: 
[[  0   4   2   4]
 [  0   8  16   8]
 [  2  16  32  16]
 [  0   8 128   2]]

*********************
AFTER: 
[[  2   4   2   4]
 [  0   8  16   8]
 [  4  16  32  16]
 [  0   8 128   2]]

TIME TAKEN FOR STEP: 5.00293965664

*********************

BRANCHES: 12
AI SELECT ACTION: l
*********************
BEFORE: 
[[  2   4   2   4]
 [  0   8  16   8]
 [  4  16  32  16]
 [  0   8 128   2]]

*********************
AFTER: 
[[  2   4   2   4]
 [  8  16   8   2]
 [  4  16  32  16]
 [  8 128   2   0]]

TIME TAKEN FOR STEP: 5.00249442172

*********************

BRANCHES: 10
AI SELECT ACTION: d
*********************
BEFORE: 
[[  2   4   2   4]
 [  8  16   8   2]
 [  4  16  32  16]
 [  8 128   2   0]]

*********************
AFTER: 
[[  2   0   2   2]
 [  8   4   8   4]
 [  4  32  32   2]
 [  8 128   2  16]]

TIME TAKEN FOR STEP: 5.00187772988

*********************

BRANCHES: 14
AI SELECT ACTION: r
*********************
BEFORE: 
[[  2   0   2   2]
 [  8   4   8   4]
 [  4  32  32   2]
 [  8 128   2  16]]

*********************
AFTER: 
[[  0   0   2   4]
 [  8   4   8   4]
 [  2   4  64   2]
 [  8 128   2  16]]

TIME TAKEN FOR STEP: 5.00188958174

*********************

BRANCHES: 20
AI SELECT ACTION: u
*********************
BEFORE: 
[[  0   0   2   4]
 [  8   4   8   4]
 [  2   4  64   2]
 [  8 128   2  16]]

*********************
AFTER: 
[[  8   8   2   8]
 [  2 128   8   2]
 [  8   2  64  16]
 [  0   0   2   0]]

TIME TAKEN FOR STEP: 5.00187614963

*********************

BRANCHES: 22
AI SELECT ACTION: r
*********************
BEFORE: 
[[  8   8   2   8]
 [  2 128   8   2]
 [  8   2  64  16]
 [  0   0   2   0]]

*********************
AFTER: 
[[  0  16   2   8]
 [  2 128   8   2]
 [  8   2  64  16]
 [  0   0   2   2]]

TIME TAKEN FOR STEP: 5.00279348369

*********************

BRANCHES: 28
AI SELECT ACTION: l
*********************
BEFORE: 
[[  0  16   2   8]
 [  2 128   8   2]
 [  8   2  64  16]
 [  0   0   2   2]]

*********************
AFTER: 
[[ 16   2   8   0]
 [  2 128   8   2]
 [  8   2  64  16]
 [  4   2   0   0]]

TIME TAKEN FOR STEP: 5.00307042218

*********************

BRANCHES: 26
AI SELECT ACTION: u
*********************
BEFORE: 
[[ 16   2   8   0]
 [  2 128   8   2]
 [  8   2  64  16]
 [  4   2   0   0]]

*********************
AFTER: 
[[ 16   2  16   2]
 [  2 128  64  16]
 [  8   4   0   0]
 [  4   0   2   0]]

TIME TAKEN FOR STEP: 5.00184572985

*********************

BRANCHES: 32
AI SELECT ACTION: l
*********************
BEFORE: 
[[ 16   2  16   2]
 [  2 128  64  16]
 [  8   4   0   0]
 [  4   0   2   0]]

*********************
AFTER: 
[[ 16   2  16   2]
 [  2 128  64  16]
 [  8   4   0   2]
 [  4   2   0   0]]

TIME TAKEN FOR STEP: 5.00305264439

*********************

BRANCHES: 18
AI SELECT ACTION: d
*********************
BEFORE: 
[[ 16   2  16   2]
 [  2 128  64  16]
 [  8   4   0   2]
 [  4   2   0   0]]

*********************
AFTER: 
[[ 16   2   2   0]
 [  2 128   0   2]
 [  8   4  16  16]
 [  4   2  64   2]]

TIME TAKEN FOR STEP: 5.00285550843

*********************

BRANCHES: 24
AI SELECT ACTION: r
*********************
BEFORE: 
[[ 16   2   2   0]
 [  2 128   0   2]
 [  8   4  16  16]
 [  4   2  64   2]]

*********************
AFTER: 
[[  0   0  16   4]
 [  2   2 128   2]
 [  0   8   4  32]
 [  4   2  64   2]]

TIME TAKEN FOR STEP: 5.00043614849

*********************

BRANCHES: 28
AI SELECT ACTION: l
*********************
BEFORE: 
[[  0   0  16   4]
 [  2   2 128   2]
 [  0   8   4  32]
 [  4   2  64   2]]

*********************
AFTER: 
[[ 16   4   2   0]
 [  4 128   2   0]
 [  8   4  32   0]
 [  4   2  64   2]]

TIME TAKEN FOR STEP: 5.00245452046

*********************

BRANCHES: 22
AI SELECT ACTION: d
*********************
BEFORE: 
[[ 16   4   2   0]
 [  4 128   2   0]
 [  8   4  32   0]
 [  4   2  64   2]]

*********************
AFTER: 
[[ 16   4   0   0]
 [  4 128   4   0]
 [  8   4  32   2]
 [  4   2  64   2]]

TIME TAKEN FOR STEP: 5.00149254439

*********************

BRANCHES: 22
AI SELECT ACTION: u
*********************
BEFORE: 
[[ 16   4   0   0]
 [  4 128   4   0]
 [  8   4  32   2]
 [  4   2  64   2]]

*********************
AFTER: 
[[ 16   4   4   4]
 [  4 128  32   0]
 [  8   4  64   0]
 [  4   2   4   0]]

TIME TAKEN FOR STEP: 5.00200889048

*********************

BRANCHES: 22
AI SELECT ACTION: d
*********************
BEFORE: 
[[ 16   4   4   4]
 [  4 128  32   0]
 [  8   4  64   0]
 [  4   2   4   0]]

*********************
AFTER: 
[[ 16   4   4   0]
 [  4 128  32   0]
 [  8   4  64   2]
 [  4   2   4   4]]

TIME TAKEN FOR STEP: 5.00236207594

*********************

BRANCHES: 20
AI SELECT ACTION: u
*********************
BEFORE: 
[[ 16   4   4   0]
 [  4 128  32   0]
 [  8   4  64   2]
 [  4   2   4   4]]

*********************
AFTER: 
[[ 16   4   4   2]
 [  4 128  32   4]
 [  8   4  64   2]
 [  4   2   4   0]]

TIME TAKEN FOR STEP: 5.0025248415

*********************

BRANCHES: 10
AI SELECT ACTION: d
*********************
BEFORE: 
[[ 16   4   4   2]
 [  4 128  32   4]
 [  8   4  64   2]
 [  4   2   4   0]]

*********************
AFTER: 
[[ 16   4   4   2]
 [  4 128  32   2]
 [  8   4  64   4]
 [  4   2   4   2]]

TIME TAKEN FOR STEP: 5.00261886627

*********************

BRANCHES: 10
AI SELECT ACTION: u
*********************
BEFORE: 
[[ 16   4   4   2]
 [  4 128  32   2]
 [  8   4  64   4]
 [  4   2   4   2]]

*********************
AFTER: 
[[ 16   4   4   8]
 [  4 128  32   2]
 [  8   4  64   0]
 [  4   2   4   4]]

TIME TAKEN FOR STEP: 5.000802371

*********************

BRANCHES: 18
AI SELECT ACTION: r
*********************
BEFORE: 
[[ 16   4   4   8]
 [  4 128  32   2]
 [  8   4  64   0]
 [  4   2   4   4]]

*********************
AFTER: 
[[  0  16   8   8]
 [  4 128  32   2]
 [  0   8   4  64]
 [  2   4   2   8]]

TIME TAKEN FOR STEP: 5.00243516242

*********************

BRANCHES: 22
AI SELECT ACTION: r
*********************
BEFORE: 
[[  0  16   8   8]
 [  4 128  32   2]
 [  0   8   4  64]
 [  2   4   2   8]]

*********************
AFTER: 
[[  0   2   0  32]
 [  4 128  32   2]
 [  0   8   4  64]
 [  2   4   2   8]]

TIME TAKEN FOR STEP: 5.00187535951

*********************

BRANCHES: 24
AI SELECT ACTION: d
*********************
BEFORE: 
[[  0   2   0  32]
 [  4 128  32   2]
 [  0   8   4  64]
 [  2   4   2   8]]

*********************
AFTER: 
[[  2   2   0  32]
 [  0 128  32   2]
 [  4   8   4  64]
 [  2   4   2   8]]

TIME TAKEN FOR STEP: 5.00170508777

*********************

BRANCHES: 20
AI SELECT ACTION: d
*********************
BEFORE: 
[[  2   2   0  32]
 [  0 128  32   2]
 [  4   8   4  64]
 [  2   4   2   8]]

*********************
AFTER: 
[[  0   2   2  32]
 [  2 128  32   2]
 [  4   8   4  64]
 [  2   4   2   8]]

TIME TAKEN FOR STEP: 5.00239289078

*********************

BRANCHES: 10
AI SELECT ACTION: r
*********************
BEFORE: 
[[  0   2   2  32]
 [  2 128  32   2]
 [  4   8   4  64]
 [  2   4   2   8]]

*********************
AFTER: 
[[  2   0   4  32]
 [  2 128  32   2]
 [  4   8   4  64]
 [  2   4   2   8]]

TIME TAKEN FOR STEP: 5.00229728577

*********************

BRANCHES: 14
AI SELECT ACTION: d
*********************
BEFORE: 
[[  2   0   4  32]
 [  2 128  32   2]
 [  4   8   4  64]
 [  2   4   2   8]]

*********************
AFTER: 
[[  2   0   4  32]
 [  4 128  32   2]
 [  4   8   4  64]
 [  2   4   2   8]]

TIME TAKEN FOR STEP: 5.0006743709

*********************

BRANCHES: 12
AI SELECT ACTION: d
*********************
BEFORE: 
[[  2   0   4  32]
 [  4 128  32   2]
 [  4   8   4  64]
 [  2   4   2   8]]

*********************
AFTER: 
[[  0   2   4  32]
 [  2 128  32   2]
 [  8   8   4  64]
 [  2   4   2   8]]

TIME TAKEN FOR STEP: 5.00228661909

*********************

BRANCHES: 10
AI SELECT ACTION: l
*********************
BEFORE: 
[[  0   2   4  32]
 [  2 128  32   2]
 [  8   8   4  64]
 [  2   4   2   8]]

*********************
AFTER: 
[[  2   4  32   2]
 [  2 128  32   2]
 [ 16   4  64   0]
 [  2   4   2   8]]

TIME TAKEN FOR STEP: 5.00286657017

*********************

BRANCHES: 24
AI SELECT ACTION: u
*********************
BEFORE: 
[[  2   4  32   2]
 [  2 128  32   2]
 [ 16   4  64   0]
 [  2   4   2   8]]

*********************
AFTER: 
[[  4   4 128   4]
 [ 16 128   2   8]
 [  2   8   0   0]
 [  0   2   0   0]]

TIME TAKEN FOR STEP: 5.00159407533

*********************

BRANCHES: 34
AI SELECT ACTION: d
*********************
BEFORE: 
[[  4   4 128   4]
 [ 16 128   2   8]
 [  2   8   0   0]
 [  0   2   0   0]]

*********************
AFTER: 
[[  2   4   0   0]
 [  4 128   0   0]
 [ 16   8 128   4]
 [  2   2   2   8]]

TIME TAKEN FOR STEP: 5.00287091585

*********************

BRANCHES: 28
AI SELECT ACTION: u
*********************
BEFORE: 
[[  2   4   0   0]
 [  4 128   0   0]
 [ 16   8 128   4]
 [  2   2   2   8]]

*********************
AFTER: 
[[  2   4 128   4]
 [  4 128   2   8]
 [ 16   8   0   0]
 [  2   2   2   0]]

TIME TAKEN FOR STEP: 5.00232098949

*********************

BRANCHES: 32
AI SELECT ACTION: u
*********************
BEFORE: 
[[  2   4 128   4]
 [  4 128   2   8]
 [ 16   8   0   0]
 [  2   2   2   0]]

*********************
AFTER: 
[[  2   4 128   4]
 [  4 128   4   8]
 [ 16   8   0   0]
 [  2   2   0   2]]

TIME TAKEN FOR STEP: 5.00148187771

*********************

BRANCHES: 28
AI SELECT ACTION: l
*********************
BEFORE: 
[[  2   4 128   4]
 [  4 128   4   8]
 [ 16   8   0   0]
 [  2   2   0   2]]

*********************
AFTER: 
[[  2   4 128   4]
 [  4 128   4   8]
 [ 16   8   0   0]
 [  4   2   2   0]]

TIME TAKEN FOR STEP: 5.00093511185

*********************

BRANCHES: 30
AI SELECT ACTION: l
*********************
BEFORE: 
[[  2   4 128   4]
 [  4 128   4   8]
 [ 16   8   0   0]
 [  4   2   2   0]]

*********************
AFTER: 
[[  2   4 128   4]
 [  4 128   4   8]
 [ 16   8   0   0]
 [  4   4   0   2]]

TIME TAKEN FOR STEP: 5.00280217505

*********************

BRANCHES: 28
AI SELECT ACTION: d
*********************
BEFORE: 
[[  2   4 128   4]
 [  4 128   4   8]
 [ 16   8   0   0]
 [  4   4   0   2]]

*********************
AFTER: 
[[  2   4   2   0]
 [  4 128   0   4]
 [ 16   8 128   8]
 [  4   4   4   2]]

TIME TAKEN FOR STEP: 5.00262360701

*********************

BRANCHES: 20
AI SELECT ACTION: u
*********************
BEFORE: 
[[  2   4   2   0]
 [  4 128   0   4]
 [ 16   8 128   8]
 [  4   4   4   2]]

*********************
AFTER: 
[[  2   4   2   4]
 [  4 128 128   8]
 [ 16   8   4   2]
 [  4   4   2   0]]

TIME TAKEN FOR STEP: 5.00078696358

*********************

BRANCHES: 14
AI SELECT ACTION: r
*********************
BEFORE: 
[[  2   4   2   4]
 [  4 128 128   8]
 [ 16   8   4   2]
 [  4   4   2   0]]

*********************
AFTER: 
[[  2   4   2   4]
 [  2   4 256   8]
 [ 16   8   4   2]
 [  0   0   8   2]]

TIME TAKEN FOR STEP: 5.00203022383

*********************

BRANCHES: 26
AI SELECT ACTION: d
*********************
BEFORE: 
[[  2   4   2   4]
 [  2   4 256   8]
 [ 16   8   4   2]
 [  0   0   8   2]]

*********************
AFTER: 
[[  0   0   2   0]
 [  2   0 256   4]
 [  4   8   4   8]
 [ 16   8   8   4]]

TIME TAKEN FOR STEP: 5.00214439676

*********************

BRANCHES: 42
AI SELECT ACTION: l
*********************
BEFORE: 
[[  0   0   2   0]
 [  2   0 256   4]
 [  4   8   4   8]
 [ 16   8   8   4]]

*********************
AFTER: 
[[  2   0   0   0]
 [  2 256   4   0]
 [  4   8   4   8]
 [ 16  16   4   2]]

TIME TAKEN FOR STEP: 5.00084187721

*********************

BRANCHES: 46
AI SELECT ACTION: d
*********************
BEFORE: 
[[  2   0   0   0]
 [  2 256   4   0]
 [  4   8   4   8]
 [ 16  16   4   2]]

*********************
AFTER: 
[[  0   2   0   0]
 [  4 256   0   0]
 [  4   8   4   8]
 [ 16  16   8   2]]

TIME TAKEN FOR STEP: 5.00272908858

*********************

BRANCHES: 48
AI SELECT ACTION: r
*********************
BEFORE: 
[[  0   2   0   0]
 [  4 256   0   0]
 [  4   8   4   8]
 [ 16  16   8   2]]

*********************
AFTER: 
[[  0   2   0   2]
 [  0   0   4 256]
 [  4   8   4   8]
 [  0  32   8   2]]

TIME TAKEN FOR STEP: 5.00125866766

*********************

BRANCHES: 50
AI SELECT ACTION: u
*********************
BEFORE: 
[[  0   2   0   2]
 [  0   0   4 256]
 [  4   8   4   8]
 [  0  32   8   2]]

*********************
AFTER: 
[[  4   2  16   2]
 [  0   8   0 256]
 [  0  32   0   8]
 [  0   0   2   2]]

TIME TAKEN FOR STEP: 5.00235575495

*********************

BRANCHES: 52
AI SELECT ACTION: r
*********************
BEFORE: 
[[  4   2  16   2]
 [  0   8   0 256]
 [  0  32   0   8]
 [  0   0   2   2]]

*********************
AFTER: 
[[  4   2  16   2]
 [  0   0   8 256]
 [  2   0  32   8]
 [  0   0   0   4]]

TIME TAKEN FOR STEP: 5.00266785396

*********************

BRANCHES: 48
AI SELECT ACTION: d
*********************
BEFORE: 
[[  4   2  16   2]
 [  0   0   8 256]
 [  2   0  32   8]
 [  0   0   0   4]]

*********************
AFTER: 
[[  0   0   0   2]
 [  0   2  16 256]
 [  4   0   8   8]
 [  2   2  32   4]]

TIME TAKEN FOR STEP: 5.00157945804

*********************

BRANCHES: 52
AI SELECT ACTION: r
*********************
BEFORE: 
[[  0   0   0   2]
 [  0   2  16 256]
 [  4   0   8   8]
 [  2   2  32   4]]

*********************
AFTER: 
[[  0   2   0   2]
 [  0   2  16 256]
 [  0   0   4  16]
 [  0   4  32   4]]

TIME TAKEN FOR STEP: 5.00237590311

*********************

BRANCHES: 58
AI SELECT ACTION: u
*********************
BEFORE: 
[[  0   2   0   2]
 [  0   2  16 256]
 [  0   0   4  16]
 [  0   4  32   4]]

*********************
AFTER: 
[[  0   8  16   2]
 [  0   0   4 256]
 [  0   2  32  16]
 [  0   0   0   4]]

TIME TAKEN FOR STEP: 5.00415012674

*********************

BRANCHES: 42
AI SELECT ACTION: d
*********************
BEFORE: 
[[  0   8  16   2]
 [  0   0   4 256]
 [  0   2  32  16]
 [  0   0   0   4]]

*********************
AFTER: 
[[  0   0   2   2]
 [  0   0  16 256]
 [  0   8   4  16]
 [  0   2  32   4]]

TIME TAKEN FOR STEP: 5.00260701441

*********************

BRANCHES: 40
AI SELECT ACTION: u
*********************
BEFORE: 
[[  0   0   2   2]
 [  0   0  16 256]
 [  0   8   4  16]
 [  0   2  32   4]]

*********************
AFTER: 
[[  2   8   2   2]
 [  0   2  16 256]
 [  0   0   4  16]
 [  0   0  32   4]]

TIME TAKEN FOR STEP: 5.0019753102

*********************

BRANCHES: 34
AI SELECT ACTION: l
*********************
BEFORE: 
[[  2   8   2   2]
 [  0   2  16 256]
 [  0   0   4  16]
 [  0   0  32   4]]

*********************
AFTER: 
[[  2   8   4   0]
 [  2  16 256   0]
 [  4  16   0   2]
 [ 32   4   0   0]]

TIME TAKEN FOR STEP: 5.00206854484

*********************

BRANCHES: 50
AI SELECT ACTION: l
*********************
BEFORE: 
[[  2   8   4   0]
 [  2  16 256   0]
 [  4  16   0   2]
 [ 32   4   0   0]]

*********************
AFTER: 
[[  2   8   4   0]
 [  2  16 256   0]
 [  4  16   2   0]
 [ 32   4   0   2]]

TIME TAKEN FOR STEP: 5.00323911367

*********************

BRANCHES: 42
AI SELECT ACTION: d
*********************
BEFORE: 
[[  2   8   4   0]
 [  2  16 256   0]
 [  4  16   2   0]
 [ 32   4   0   2]]

*********************
AFTER: 
[[  0   0   0   0]
 [  4   8   4   2]
 [  4  32 256   0]
 [ 32   4   2   2]]

TIME TAKEN FOR STEP: 5.00188879162

*********************

BRANCHES: 54
AI SELECT ACTION: u
*********************
BEFORE: 
[[  0   0   0   0]
 [  4   8   4   2]
 [  4  32 256   0]
 [ 32   4   2   2]]

*********************
AFTER: 
[[  8   8   4   4]
 [ 32  32 256   0]
 [  2   4   2   0]
 [  0   0   0   0]]

TIME TAKEN FOR STEP: 5.00186350765

*********************

BRANCHES: 48
AI SELECT ACTION: r
*********************
BEFORE: 
[[  8   8   4   4]
 [ 32  32 256   0]
 [  2   4   2   0]
 [  0   0   0   0]]

*********************
AFTER: 
[[  0   0   8  16]
 [  0   2  64 256]
 [  0   2   4   2]
 [  0   0   0   0]]

TIME TAKEN FOR STEP: 5.00271131078

*********************

BRANCHES: 52
AI SELECT ACTION: u
*********************
BEFORE: 
[[  0   0   8  16]
 [  0   2  64 256]
 [  0   2   4   2]
 [  0   0   0   0]]

*********************
AFTER: 
[[  0   4   8  16]
 [  0   0  64 256]
 [  0   0   4   2]
 [  0   0   0   2]]

TIME TAKEN FOR STEP: 5.00190893978

*********************

BRANCHES: 52
AI SELECT ACTION: d
*********************
BEFORE: 
[[  0   4   8  16]
 [  0   0  64 256]
 [  0   0   4   2]
 [  0   0   0   2]]

*********************
AFTER: 
[[  0   0   0   0]
 [  0   0   8  16]
 [  4   0  64 256]
 [  0   4   4   4]]

TIME TAKEN FOR STEP: 5.00347338546

*********************

BRANCHES: 68
AI SELECT ACTION: r
*********************
BEFORE: 
[[  0   0   0   0]
 [  0   0   8  16]
 [  4   0  64 256]
 [  0   4   4   4]]

*********************
AFTER: 
[[  0   0   0   0]
 [  0   0   8  16]
 [  0   4  64 256]
 [  0   2   4   8]]

TIME TAKEN FOR STEP: 5.0033137804

*********************

BRANCHES: 32
AI SELECT ACTION: u
*********************
BEFORE: 
[[  0   0   0   0]
 [  0   0   8  16]
 [  0   4  64 256]
 [  0   2   4   8]]

*********************
AFTER: 
[[  2   4   8  16]
 [  0   2  64 256]
 [  0   0   4   8]
 [  0   0   0   0]]

TIME TAKEN FOR STEP: 5.00151387774

*********************

BRANCHES: 28
AI SELECT ACTION: l
*********************
BEFORE: 
[[  2   4   8  16]
 [  0   2  64 256]
 [  0   0   4   8]
 [  0   0   0   0]]

*********************
AFTER: 
[[  2   4   8  16]
 [  2  64 256   2]
 [  4   8   0   0]
 [  0   0   0   0]]

TIME TAKEN FOR STEP: 5.0027152614

*********************

BRANCHES: 42
AI SELECT ACTION: u
*********************
BEFORE: 
[[  2   4   8  16]
 [  2  64 256   2]
 [  4   8   0   0]
 [  0   0   0   0]]

*********************
AFTER: 
[[  8   4   8  16]
 [  2  64 256   2]
 [  0   8   0   0]
 [  0   0   0   0]]

TIME TAKEN FOR STEP: 5.00329244705

*********************

BRANCHES: 42
AI SELECT ACTION: l
*********************
BEFORE: 
[[  8   4   8  16]
 [  2  64 256   2]
 [  0   8   0   0]
 [  0   0   0   0]]

*********************
AFTER: 
[[  8   4   8  16]
 [  2  64 256   2]
 [  8   0   0   4]
 [  0   0   0   0]]

TIME TAKEN FOR STEP: 5.00167940873

*********************

BRANCHES: 36
AI SELECT ACTION: d
*********************
BEFORE: 
[[  8   4   8  16]
 [  2  64 256   2]
 [  8   0   0   4]
 [  0   0   0   0]]

*********************
AFTER: 
[[  2   0   0   0]
 [  8   0   0  16]
 [  2   4   8   2]
 [  8  64 256   4]]

TIME TAKEN FOR STEP: 5.0037716573

*********************

BRANCHES: 30
AI SELECT ACTION: u
*********************
BEFORE: 
[[  2   0   0   0]
 [  8   0   0  16]
 [  2   4   8   2]
 [  8  64 256   4]]

*********************
AFTER: 
[[  2   4   8  16]
 [  8  64 256   2]
 [  2   0   0   4]
 [  8   2   0   0]]

TIME TAKEN FOR STEP: 9.56278523479

*********************

BRANCHES: 32
AI SELECT ACTION: r
*********************
BEFORE: 
[[  2   4   8  16]
 [  8  64 256   2]
 [  2   0   0   4]
 [  8   2   0   0]]

*********************
AFTER: 
[[  2   4   8  16]
 [  8  64 256   2]
 [  0   2   2   4]
 [  0   0   8   2]]

TIME TAKEN FOR STEP: 5.00096513657

*********************

BRANCHES: 24
AI SELECT ACTION: l
*********************
BEFORE: 
[[  2   4   8  16]
 [  8  64 256   2]
 [  0   2   2   4]
 [  0   0   8   2]]

*********************
AFTER: 
[[  2   4   8  16]
 [  8  64 256   2]
 [  8   0   4   0]
 [  8   2   0   0]]

TIME TAKEN FOR STEP: 5.00211121154

*********************

BRANCHES: 36
AI SELECT ACTION: l
*********************
BEFORE: 
[[  2   4   8  16]
 [  8  64 256   2]
 [  8   0   4   0]
 [  8   2   0   0]]

*********************
AFTER: 
[[  2   4   8  16]
 [  8  64 256   2]
 [  8   4   2   0]
 [  8   2   0   0]]

TIME TAKEN FOR STEP: 5.00244859453

*********************

BRANCHES: 22
AI SELECT ACTION: u
*********************
BEFORE: 
[[  2   4   8  16]
 [  8  64 256   2]
 [  8   4   2   0]
 [  8   2   0   0]]

*********************
AFTER: 
[[  2   4   8  16]
 [ 16  64 256   2]
 [  8   4   2   0]
 [  2   2   0   0]]

TIME TAKEN FOR STEP: 5.00077550679

*********************

BRANCHES: 22
AI SELECT ACTION: r
*********************
BEFORE: 
[[  2   4   8  16]
 [ 16  64 256   2]
 [  8   4   2   0]
 [  2   2   0   0]]

*********************
AFTER: 
[[  2   4   8  16]
 [ 16  64 256   2]
 [  0   8   4   2]
 [  0   2   0   4]]

TIME TAKEN FOR STEP: 5.00319881734

*********************

BRANCHES: 30
AI SELECT ACTION: u
*********************
BEFORE: 
[[  2   4   8  16]
 [ 16  64 256   2]
 [  0   8   4   2]
 [  0   2   0   4]]

*********************
AFTER: 
[[  2   4   8  16]
 [ 16  64 256   8]
 [  2   8   4   0]
 [  0   2   0   0]]

TIME TAKEN FOR STEP: 5.00189550767

*********************

BRANCHES: 24
AI SELECT ACTION: d
*********************
BEFORE: 
[[  2   4   8  16]
 [ 16  64 256   8]
 [  2   8   4   0]
 [  0   2   0   0]]

*********************
AFTER: 
[[  0   4   0   0]
 [  2  64   8   2]
 [ 16   8 256  16]
 [  2   2   4   8]]

TIME TAKEN FOR STEP: 5.00100859339

*********************

BRANCHES: 26
AI SELECT ACTION: l
*********************
BEFORE: 
[[  0   4   0   0]
 [  2  64   8   2]
 [ 16   8 256  16]
 [  2   2   4   8]]

*********************
AFTER: 
[[  4   0   0   2]
 [  2  64   8   2]
 [ 16   8 256  16]
 [ 16   0   0   0]]

TIME TAKEN FOR STEP: 5.00213689058

*********************

BRANCHES: 48
AI SELECT ACTION: u
*********************
BEFORE: 
[[  4   0   0   2]
 [  2  64   8   2]
 [ 16   8 256  16]
 [ 16   0   0   0]]

*********************
AFTER: 
[[  4  64   8   4]
 [  2   8 256  16]
 [ 32   2   0   0]
 [  0   0   0   0]]

TIME TAKEN FOR STEP: 5.00346706447

*********************

BRANCHES: 24
AI SELECT ACTION: r
*********************
BEFORE: 
[[  4  64   8   4]
 [  2   8 256  16]
 [ 32   2   0   0]
 [  0   0   0   0]]

*********************
AFTER: 
[[  4  64   8   4]
 [  2   8 256  16]
 [  0   0  32   2]
 [  0   0   2   0]]

TIME TAKEN FOR STEP: 5.00176711251

*********************

BRANCHES: 30
AI SELECT ACTION: d
*********************
BEFORE: 
[[  4  64   8   4]
 [  2   8 256  16]
 [  0   0  32   2]
 [  0   0   2   0]]

*********************
AFTER: 
[[  2   0   8   0]
 [  0   0 256   4]
 [  4  64  32  16]
 [  2   8   2   2]]

TIME TAKEN FOR STEP: 5.00208474239

*********************

BRANCHES: 36
AI SELECT ACTION: r
*********************
BEFORE: 
[[  2   0   8   0]
 [  0   0 256   4]
 [  4  64  32  16]
 [  2   8   2   2]]

*********************
AFTER: 
[[  2   0   2   8]
 [  0   0 256   4]
 [  4  64  32  16]
 [  0   2   8   4]]

TIME TAKEN FOR STEP: 5.00208434733

*********************

BRANCHES: 36
AI SELECT ACTION: l
*********************
BEFORE: 
[[  2   0   2   8]
 [  0   0 256   4]
 [  4  64  32  16]
 [  0   2   8   4]]

*********************
AFTER: 
[[  4   8   2   0]
 [256   4   0   0]
 [  4  64  32  16]
 [  2   8   4   0]]

TIME TAKEN FOR STEP: 5.00215940911

*********************

BRANCHES: 24
AI SELECT ACTION: u
*********************
BEFORE: 
[[  4   8   2   0]
 [256   4   0   0]
 [  4  64  32  16]
 [  2   8   4   0]]

*********************
AFTER: 
[[  4   8   2  16]
 [256   4  32   2]
 [  4  64   4   0]
 [  2   8   0   0]]

TIME TAKEN FOR STEP: 5.00132266771

*********************

BRANCHES: 12
AI SELECT ACTION: d
*********************
BEFORE: 
[[  4   8   2  16]
 [256   4  32   2]
 [  4  64   4   0]
 [  2   8   0   0]]

*********************
AFTER: 
[[  4   8   0   0]
 [256   4   2   2]
 [  4  64  32  16]
 [  2   8   4   2]]

TIME TAKEN FOR STEP: 5.00201205097

*********************

BRANCHES: 18
AI SELECT ACTION: r
*********************
BEFORE: 
[[  4   8   0   0]
 [256   4   2   2]
 [  4  64  32  16]
 [  2   8   4   2]]

*********************
AFTER: 
[[  0   0   4   8]
 [  0   2 256   8]
 [  4  64  32  16]
 [  2   8   4   2]]

TIME TAKEN FOR STEP: 5.0025904218

*********************

BRANCHES: 24
AI SELECT ACTION: d
*********************
BEFORE: 
[[  0   0   4   8]
 [  0   2 256   8]
 [  4  64  32  16]
 [  2   8   4   2]]

*********************
AFTER: 
[[  0   0   4   2]
 [  0   2 256  16]
 [  4  64  32  16]
 [  2   8   4   2]]

TIME TAKEN FOR STEP: 5.00177540881

*********************

BRANCHES: 22
AI SELECT ACTION: d
*********************
BEFORE: 
[[  0   0   4   2]
 [  0   2 256  16]
 [  4  64  32  16]
 [  2   8   4   2]]

*********************
AFTER: 
[[  0   0   4   4]
 [  0   2 256   2]
 [  4  64  32  32]
 [  2   8   4   2]]

TIME TAKEN FOR STEP: 5.00144948263

*********************

BRANCHES: 28
AI SELECT ACTION: r
*********************
BEFORE: 
[[  0   0   4   4]
 [  0   2 256   2]
 [  4  64  32  32]
 [  2   8   4   2]]

*********************
AFTER: 
[[  0   2   0   8]
 [  0   2 256   2]
 [  0   0   4 128]
 [  2   8   4   2]]

TIME TAKEN FOR STEP: 5.00225264376

*********************

BRANCHES: 48
AI SELECT ACTION: r
*********************
BEFORE: 
[[  0   2   0   8]
 [  0   2 256   2]
 [  0   0   4 128]
 [  2   8   4   2]]

*********************
AFTER: 
[[  0   0   2   8]
 [  2   2 256   2]
 [  0   0   4 128]
 [  2   8   4   2]]

TIME TAKEN FOR STEP: 5.00101293907

*********************

BRANCHES: 44
AI SELECT ACTION: r
*********************
BEFORE: 
[[  0   0   2   8]
 [  2   2 256   2]
 [  0   0   4 128]
 [  2   8   4   2]]

*********************
AFTER: 
[[  0   0   2   8]
 [  0   4 256   2]
 [  2   0   4 128]
 [  2   8   4   2]]

TIME TAKEN FOR STEP: 5.00273382932

*********************

BRANCHES: 40
AI SELECT ACTION: l
*********************
BEFORE: 
[[  0   0   2   8]
 [  0   4 256   2]
 [  2   0   4 128]
 [  2   8   4   2]]

*********************
AFTER: 
[[  2   8   0   0]
 [  4 256   2   2]
 [  2   4 128   0]
 [  2   8   4   2]]

TIME TAKEN FOR STEP: 5.00236207594

*********************

BRANCHES: 38
AI SELECT ACTION: r
*********************
BEFORE: 
[[  2   8   0   0]
 [  4 256   2   2]
 [  2   4 128   0]
 [  2   8   4   2]]

*********************
AFTER: 
[[  0   0   2   8]
 [  0   4 256   4]
 [  2   2   4 128]
 [  2   8   4   2]]

TIME TAKEN FOR STEP: 5.00138824801

*********************

BRANCHES: 38
AI SELECT ACTION: l
*********************
BEFORE: 
[[  0   0   2   8]
 [  0   4 256   4]
 [  2   2   4 128]
 [  2   8   4   2]]

*********************
AFTER: 
[[  2   8   0   0]
 [  4 256   4   0]
 [  8 128   0   4]
 [  2   8   4   2]]

TIME TAKEN FOR STEP: 5.00200493986

*********************

BRANCHES: 36
AI SELECT ACTION: l
*********************
BEFORE: 
[[  2   8   0   0]
 [  4 256   4   0]
 [  8 128   0   4]
 [  2   8   4   2]]

*********************
AFTER: 
[[  2   8   0   0]
 [  4 256   4   0]
 [  8 128   4   4]
 [  2   8   4   2]]

TIME TAKEN FOR STEP: 5.00221906348

*********************

BRANCHES: 32
AI SELECT ACTION: u
*********************
BEFORE: 
[[  2   8   0   0]
 [  4 256   4   0]
 [  8 128   4   4]
 [  2   8   4   2]]

*********************
AFTER: 
[[  2   8   8   4]
 [  4 256   4   2]
 [  8 128   0   0]
 [  2   8   2   0]]

TIME TAKEN FOR STEP: 5.00224750795

*********************

BRANCHES: 28
AI SELECT ACTION: r
*********************
BEFORE: 
[[  2   8   8   4]
 [  4 256   4   2]
 [  8 128   0   0]
 [  2   8   2   0]]

*********************
AFTER: 
[[  0   2  16   4]
 [  4 256   4   2]
 [  0   2   8 128]
 [  0   2   8   2]]

TIME TAKEN FOR STEP: 5.00060997579

*********************

BRANCHES: 26
AI SELECT ACTION: l
*********************
BEFORE: 
[[  0   2  16   4]
 [  4 256   4   2]
 [  0   2   8 128]
 [  0   2   8   2]]

*********************
AFTER: 
[[  2  16   4   2]
 [  4 256   4   2]
 [  2   8 128   0]
 [  2   8   2   0]]

TIME TAKEN FOR STEP: 5.00223328572

*********************

BRANCHES: 30
AI SELECT ACTION: u
*********************
BEFORE: 
[[  2  16   4   2]
 [  4 256   4   2]
 [  2   8 128   0]
 [  2   8   2   0]]

*********************
AFTER: 
[[  2  16   8   4]
 [  4 256 128   0]
 [  4  16   2   0]
 [  0   0   0   2]]

TIME TAKEN FOR STEP: 5.0021803474

*********************

BRANCHES: 44
AI SELECT ACTION: d
*********************
BEFORE: 
[[  2  16   8   4]
 [  4 256 128   0]
 [  4  16   2   0]
 [  0   0   0   2]]

*********************
AFTER: 
[[  0   0   0   0]
 [  0  16   8   4]
 [  2 256 128   4]
 [  8  16   2   2]]

TIME TAKEN FOR STEP: 5.00160197657

*********************

BRANCHES: 48
AI SELECT ACTION: r
*********************
BEFORE: 
[[  0   0   0   0]
 [  0  16   8   4]
 [  2 256 128   4]
 [  8  16   2   2]]

*********************
AFTER: 
[[  0   2   0   0]
 [  0  16   8   4]
 [  2 256 128   4]
 [  0   8  16   4]]

TIME TAKEN FOR STEP: 5.00254656991

*********************

BRANCHES: 44
AI SELECT ACTION: u
*********************
BEFORE: 
[[  0   2   0   0]
 [  0  16   8   4]
 [  2 256 128   4]
 [  0   8  16   4]]

*********************
AFTER: 
[[  2   2   8   8]
 [  0  16 128   4]
 [  2 256  16   0]
 [  0   8   0   0]]

TIME TAKEN FOR STEP: 5.00220286594

*********************

BRANCHES: 52
AI SELECT ACTION: d
*********************
BEFORE: 
[[  2   2   8   8]
 [  0  16 128   4]
 [  2 256  16   0]
 [  0   8   0   0]]

*********************
AFTER: 
[[  0   2   0   2]
 [  0  16   8   0]
 [  0 256 128   8]
 [  4   8  16   4]]

TIME TAKEN FOR STEP: 5.00102321068

*********************

BRANCHES: 44
AI SELECT ACTION: l
*********************
BEFORE: 
[[  0   2   0   2]
 [  0  16   8   0]
 [  0 256 128   8]
 [  4   8  16   4]]

*********************
AFTER: 
[[  4   0   0   2]
 [ 16   8   0   0]
 [256 128   8   0]
 [  4   8  16   4]]

TIME TAKEN FOR STEP: 5.00210884117

*********************

BRANCHES: 40
AI SELECT ACTION: l
*********************
BEFORE: 
[[  4   0   0   2]
 [ 16   8   0   0]
 [256 128   8   0]
 [  4   8  16   4]]

*********************
AFTER: 
[[  4   2   0   4]
 [ 16   8   0   0]
 [256 128   8   0]
 [  4   8  16   4]]

TIME TAKEN FOR STEP: 5.00267615026

*********************

BRANCHES: 36
AI SELECT ACTION: u
*********************
BEFORE: 
[[  4   2   0   4]
 [ 16   8   0   0]
 [256 128   8   0]
 [  4   8  16   4]]

*********************
AFTER: 
[[  4   2   8   8]
 [ 16   8  16   0]
 [256 128   2   0]
 [  4   8   0   0]]

TIME TAKEN FOR STEP: 5.00115990215

*********************

BRANCHES: 28
AI SELECT ACTION: r
*********************
BEFORE: 
[[  4   2   8   8]
 [ 16   8  16   0]
 [256 128   2   0]
 [  4   8   0   0]]

*********************
AFTER: 
[[  2   4   2  16]
 [  0  16   8  16]
 [  0 256 128   2]
 [  0   0   4   8]]

TIME TAKEN FOR STEP: 5.0028381257

*********************

BRANCHES: 28
AI SELECT ACTION: u
*********************
BEFORE: 
[[  2   4   2  16]
 [  0  16   8  16]
 [  0 256 128   2]
 [  0   0   4   8]]

*********************
AFTER: 
[[  2   4   2  32]
 [  0  16   8   2]
 [  0 256 128   8]
 [  0   0   4   2]]

TIME TAKEN FOR STEP: 5.00233284135

*********************

BRANCHES: 16
AI SELECT ACTION: d
*********************
BEFORE: 
[[  2   4   2  32]
 [  0  16   8   2]
 [  0 256 128   8]
 [  0   0   4   2]]

*********************
AFTER: 
[[  0   0   2  32]
 [  2   4   8   2]
 [  0  16 128   8]
 [  2 256   4   2]]

TIME TAKEN FOR STEP: 5.00223960671

*********************

BRANCHES: 22
AI SELECT ACTION: d
*********************
BEFORE: 
[[  0   0   2  32]
 [  2   4   8   2]
 [  0  16 128   8]
 [  2 256   4   2]]

*********************
AFTER: 
[[  2   0   2  32]
 [  0   4   8   2]
 [  0  16 128   8]
 [  4 256   4   2]]

TIME TAKEN FOR STEP: 5.00116938364

*********************

BRANCHES: 28
AI SELECT ACTION: r
*********************
BEFORE: 
[[  2   0   2  32]
 [  0   4   8   2]
 [  0  16 128   8]
 [  4 256   4   2]]

*********************
AFTER: 
[[  0   2   4  32]
 [  0   4   8   2]
 [  0  16 128   8]
 [  4 256   4   2]]

TIME TAKEN FOR STEP: 5.00217995234

*********************

BRANCHES: 12
AI SELECT ACTION: l
*********************
BEFORE: 
[[  0   2   4  32]
 [  0   4   8   2]
 [  0  16 128   8]
 [  4 256   4   2]]

*********************
AFTER: 
[[  2   4  32   0]
 [  4   8   2   0]
 [ 16 128   8   2]
 [  4 256   4   2]]

TIME TAKEN FOR STEP: 5.00202903864

*********************

BRANCHES: 16
AI SELECT ACTION: u
*********************
BEFORE: 
[[  2   4  32   0]
 [  4   8   2   0]
 [ 16 128   8   2]
 [  4 256   4   2]]

*********************
AFTER: 
[[  2   4  32   4]
 [  4   8   2   0]
 [ 16 128   8   0]
 [  4 256   4   2]]

TIME TAKEN FOR STEP: 5.00120256885

*********************

BRANCHES: 12
AI SELECT ACTION: d
*********************
BEFORE: 
[[  2   4  32   4]
 [  4   8   2   0]
 [ 16 128   8   0]
 [  4 256   4   2]]

*********************
AFTER: 
[[  2   4  32   0]
 [  4   8   2   2]
 [ 16 128   8   4]
 [  4 256   4   2]]

TIME TAKEN FOR STEP: 5.00150123575

*********************

BRANCHES: 10
AI SELECT ACTION: r
*********************
BEFORE: 
[[  2   4  32   0]
 [  4   8   2   2]
 [ 16 128   8   4]
 [  4 256   4   2]]

*********************
AFTER: 
[[  0   2   4  32]
 [  2   4   8   4]
 [ 16 128   8   4]
 [  4 256   4   2]]

TIME TAKEN FOR STEP: 5.0029692863

*********************

BRANCHES: 14
AI SELECT ACTION: d
*********************
BEFORE: 
[[  0   2   4  32]
 [  2   4   8   4]
 [ 16 128   8   4]
 [  4 256   4   2]]

*********************
AFTER: 
[[  0   2   0   2]
 [  2   4   4  32]
 [ 16 128  16   8]
 [  4 256   4   2]]

TIME TAKEN FOR STEP: 5.00131358128

*********************

BRANCHES: 20
AI SELECT ACTION: l
*********************
BEFORE: 
[[  0   2   0   2]
 [  2   4   4  32]
 [ 16 128  16   8]
 [  4 256   4   2]]

*********************
AFTER: 
[[  4   0   0   0]
 [  2   8  32   2]
 [ 16 128  16   8]
 [  4 256   4   2]]

TIME TAKEN FOR STEP: 5.00191960645

*********************

BRANCHES: 12
AI SELECT ACTION: r
*********************
BEFORE: 
[[  4   0   0   0]
 [  2   8  32   2]
 [ 16 128  16   8]
 [  4 256   4   2]]

*********************
AFTER: 
[[  0   4   0   4]
 [  2   8  32   2]
 [ 16 128  16   8]
 [  4 256   4   2]]

TIME TAKEN FOR STEP: 5.00303012585

*********************

BRANCHES: 16
AI SELECT ACTION: l
*********************
BEFORE: 
[[  0   4   0   4]
 [  2   8  32   2]
 [ 16 128  16   8]
 [  4 256   4   2]]

*********************
AFTER: 
[[  8   2   0   0]
 [  2   8  32   2]
 [ 16 128  16   8]
 [  4 256   4   2]]

TIME TAKEN FOR STEP: 5.00207289053

*********************

BRANCHES: 8
AI SELECT ACTION: u
*********************
BEFORE: 
[[  8   2   0   0]
 [  2   8  32   2]
 [ 16 128  16   8]
 [  4 256   4   2]]

*********************
AFTER: 
[[  8   2  32   2]
 [  2   8  16   8]
 [ 16 128   4   2]
 [  4 256   2   0]]

TIME TAKEN FOR STEP: 5.00212977946

*********************

BRANCHES: 4
AI SELECT ACTION: d
*********************
BEFORE: 
[[  8   2  32   2]
 [  2   8  16   8]
 [ 16 128   4   2]
 [  4 256   2   0]]

*********************
AFTER: 
[[  8   2  32   2]
 [  2   8  16   2]
 [ 16 128   4   8]
 [  4 256   2   2]]

TIME TAKEN FOR STEP: 5.00282311334

*********************

BRANCHES: 8
AI SELECT ACTION: r
*********************
BEFORE: 
[[  8   2  32   2]
 [  2   8  16   2]
 [ 16 128   4   8]
 [  4 256   2   2]]

*********************
AFTER: 
[[  8   2  32   2]
 [  2   8  16   2]
 [ 16 128   4   8]
 [  2   4 256   4]]

TIME TAKEN FOR STEP: 5.00198597688

*********************

BRANCHES: 4
