STARTING BOARD: 
[[0 2 2 0]
 [0 0 0 0]
 [0 0 0 0]
 [0 0 0 0]]

*********************

BRANCHES: 88
AI SELECT ACTION: r
*********************
BEFORE: 
[[0 2 2 0]
 [0 0 0 0]
 [0 0 0 0]
 [0 0 0 0]]

*********************
AFTER: 
[[2 0 0 4]
 [0 0 0 0]
 [0 0 0 0]
 [0 0 0 0]]

TIME TAKEN FOR STEP: 5.003489583

*********************

BRANCHES: 84
AI SELECT ACTION: d
*********************
BEFORE: 
[[2 0 0 4]
 [0 0 0 0]
 [0 0 0 0]
 [0 0 0 0]]

*********************
AFTER: 
[[0 0 0 0]
 [0 0 0 0]
 [0 0 0 0]
 [2 0 2 4]]

TIME TAKEN FOR STEP: 5.00242015006

*********************

BRANCHES: 84
AI SELECT ACTION: l
*********************
BEFORE: 
[[0 0 0 0]
 [0 0 0 0]
 [0 0 0 0]
 [2 0 2 4]]

*********************
AFTER: 
[[0 0 0 0]
 [0 0 0 0]
 [0 0 0 2]
 [8 0 0 0]]

TIME TAKEN FOR STEP: 5.00096079088

*********************

BRANCHES: 112
AI SELECT ACTION: l
*********************
BEFORE: 
[[0 0 0 0]
 [0 0 0 0]
 [0 0 0 2]
 [8 0 0 0]]

*********************
AFTER: 
[[0 0 2 0]
 [0 0 0 0]
 [2 0 0 0]
 [8 0 0 0]]

TIME TAKEN FOR STEP: 5.03201661789

*********************

BRANCHES: 104
AI SELECT ACTION: u
*********************
BEFORE: 
[[0 0 2 0]
 [0 0 0 0]
 [2 0 0 0]
 [8 0 0 0]]

*********************
AFTER: 
[[2 0 2 0]
 [8 0 0 0]
 [0 2 0 0]
 [0 0 0 0]]

TIME TAKEN FOR STEP: 5.00207605102

*********************

BRANCHES: 100
AI SELECT ACTION: l
*********************
BEFORE: 
[[2 0 2 0]
 [8 0 0 0]
 [0 2 0 0]
 [0 0 0 0]]

*********************
AFTER: 
[[4 0 0 0]
 [8 0 2 0]
 [2 0 0 0]
 [0 0 0 0]]

TIME TAKEN FOR STEP: 5.00152691479

*********************

BRANCHES: 96
AI SELECT ACTION: d
*********************
BEFORE: 
[[4 0 0 0]
 [8 0 2 0]
 [2 0 0 0]
 [0 0 0 0]]

*********************
AFTER: 
[[0 0 0 0]
 [4 0 0 0]
 [8 0 2 0]
 [2 0 2 0]]

TIME TAKEN FOR STEP: 5.00225777956

*********************

BRANCHES: 96
AI SELECT ACTION: l
*********************
BEFORE: 
[[0 0 0 0]
 [4 0 0 0]
 [8 0 2 0]
 [2 0 2 0]]

*********************
AFTER: 
[[0 2 0 0]
 [4 0 0 0]
 [8 2 0 0]
 [4 0 0 0]]

TIME TAKEN FOR STEP: 5.00285432324

*********************

BRANCHES: 92
AI SELECT ACTION: u
*********************
BEFORE: 
[[0 2 0 0]
 [4 0 0 0]
 [8 2 0 0]
 [4 0 0 0]]

*********************
AFTER: 
[[4 4 0 0]
 [8 0 0 0]
 [4 0 0 2]
 [0 0 0 0]]

TIME TAKEN FOR STEP: 5.00147832216

*********************

BRANCHES: 92
AI SELECT ACTION: r
*********************
BEFORE: 
[[4 4 0 0]
 [8 0 0 0]
 [4 0 0 2]
 [0 0 0 0]]

*********************
AFTER: 
[[0 0 0 8]
 [0 0 0 8]
 [0 0 4 2]
 [2 0 0 0]]

TIME TAKEN FOR STEP: 5.00137639615

*********************

BRANCHES: 92
AI SELECT ACTION: l
*********************
BEFORE: 
[[0 0 0 8]
 [0 0 0 8]
 [0 0 4 2]
 [2 0 0 0]]

*********************
AFTER: 
[[8 0 0 0]
 [8 0 0 2]
 [4 2 0 0]
 [2 0 0 0]]

TIME TAKEN FOR STEP: 5.00246360688

*********************

BRANCHES: 84
AI SELECT ACTION: u
*********************
BEFORE: 
[[8 0 0 0]
 [8 0 0 2]
 [4 2 0 0]
 [2 0 0 0]]

*********************
AFTER: 
[[16  2  0  2]
 [ 4  0  0  0]
 [ 2  2  0  0]
 [ 0  0  0  0]]

TIME TAKEN FOR STEP: 5.00148266784

*********************

BRANCHES: 92
AI SELECT ACTION: d
*********************
BEFORE: 
[[16  2  0  2]
 [ 4  0  0  0]
 [ 2  2  0  0]
 [ 0  0  0  0]]

*********************
AFTER: 
[[ 0  2  0  0]
 [16  0  0  0]
 [ 4  0  0  0]
 [ 2  4  0  2]]

TIME TAKEN FOR STEP: 5.00125669235

*********************

BRANCHES: 80
AI SELECT ACTION: l
*********************
BEFORE: 
[[ 0  2  0  0]
 [16  0  0  0]
 [ 4  0  0  0]
 [ 2  4  0  2]]

*********************
AFTER: 
[[ 2  2  0  0]
 [16  0  0  0]
 [ 4  0  0  0]
 [ 2  4  2  0]]

TIME TAKEN FOR STEP: 5.00223526103

*********************

BRANCHES: 76
AI SELECT ACTION: r
*********************
BEFORE: 
[[ 2  2  0  0]
 [16  0  0  0]
 [ 4  0  0  0]
 [ 2  4  2  0]]

*********************
AFTER: 
[[ 0  0  0  4]
 [ 0  0  0 16]
 [ 4  0  0  4]
 [ 0  2  4  2]]

TIME TAKEN FOR STEP: 5.00269748361

*********************

BRANCHES: 76
AI SELECT ACTION: l
*********************
BEFORE: 
[[ 0  0  0  4]
 [ 0  0  0 16]
 [ 4  0  0  4]
 [ 0  2  4  2]]

*********************
AFTER: 
[[ 4  0  0  0]
 [16  0  0  0]
 [ 8  2  0  0]
 [ 2  4  2  0]]

TIME TAKEN FOR STEP: 5.00201916209

*********************

BRANCHES: 36
AI SELECT ACTION: r
*********************
BEFORE: 
[[ 4  0  0  0]
 [16  0  0  0]
 [ 8  2  0  0]
 [ 2  4  2  0]]

*********************
AFTER: 
[[ 0  2  0  4]
 [ 0  0  0 16]
 [ 0  0  8  2]
 [ 0  2  4  2]]

TIME TAKEN FOR STEP: 5.00210528561

*********************

BRANCHES: 72
AI SELECT ACTION: u
*********************
BEFORE: 
[[ 0  2  0  4]
 [ 0  0  0 16]
 [ 0  0  8  2]
 [ 0  2  4  2]]

*********************
AFTER: 
[[ 0  4  8  4]
 [ 0  2  4 16]
 [ 0  0  0  4]
 [ 0  0  0  0]]

TIME TAKEN FOR STEP: 5.00261056996

*********************

BRANCHES: 36
AI SELECT ACTION: l
*********************
BEFORE: 
[[ 0  4  8  4]
 [ 0  2  4 16]
 [ 0  0  0  4]
 [ 0  0  0  0]]

*********************
AFTER: 
[[ 4  8  4  0]
 [ 2  4 16  0]
 [ 4  0  0  0]
 [ 2  0  0  0]]

TIME TAKEN FOR STEP: 5.00093590197

*********************

BRANCHES: 32
AI SELECT ACTION: r
*********************
BEFORE: 
[[ 4  8  4  0]
 [ 2  4 16  0]
 [ 4  0  0  0]
 [ 2  0  0  0]]

*********************
AFTER: 
[[ 0  4  8  4]
 [ 0  2  4 16]
 [ 0  0  2  4]
 [ 0  0  0  2]]

TIME TAKEN FOR STEP: 5.00206617447

*********************

BRANCHES: 28
AI SELECT ACTION: d
*********************
BEFORE: 
[[ 0  4  8  4]
 [ 0  2  4 16]
 [ 0  0  2  4]
 [ 0  0  0  2]]

*********************
AFTER: 
[[ 0  0  0  4]
 [ 0  0  8 16]
 [ 0  4  4  4]
 [ 2  2  2  2]]

TIME TAKEN FOR STEP: 5.00237313768

*********************

BRANCHES: 48
AI SELECT ACTION: r
*********************
BEFORE: 
[[ 0  0  0  4]
 [ 0  0  8 16]
 [ 0  4  4  4]
 [ 2  2  2  2]]

*********************
AFTER: 
[[ 0  0  0  4]
 [ 2  0  8 16]
 [ 0  0  4  8]
 [ 0  0  4  4]]

TIME TAKEN FOR STEP: 5.00290291587

*********************

BRANCHES: 74
AI SELECT ACTION: r
*********************
BEFORE: 
[[ 0  0  0  4]
 [ 2  0  8 16]
 [ 0  0  4  8]
 [ 0  0  4  4]]

*********************
AFTER: 
[[ 0  0  0  4]
 [ 0  2  8 16]
 [ 4  0  4  8]
 [ 0  0  0  8]]

TIME TAKEN FOR STEP: 5.00308029873

*********************

BRANCHES: 76
AI SELECT ACTION: d
*********************
BEFORE: 
[[ 0  0  0  4]
 [ 0  2  8 16]
 [ 4  0  4  8]
 [ 0  0  0  8]]

*********************
AFTER: 
[[ 0  2  0  0]
 [ 0  0  0  0]
 [ 0  0  8  4]
 [ 4  2  4 32]]

TIME TAKEN FOR STEP: 5.001668347

*********************

BRANCHES: 76
AI SELECT ACTION: d
*********************
BEFORE: 
[[ 0  2  0  0]
 [ 0  0  0  0]
 [ 0  0  8  4]
 [ 4  2  4 32]]

*********************
AFTER: 
[[ 0  0  0  0]
 [ 0  0  0  0]
 [ 0  2  8  4]
 [ 4  4  4 32]]

TIME TAKEN FOR STEP: 5.00179674216

*********************

BRANCHES: 58
AI SELECT ACTION: l
*********************
BEFORE: 
[[ 0  0  0  0]
 [ 0  0  0  0]
 [ 0  2  8  4]
 [ 4  4  4 32]]

*********************
AFTER: 
[[ 0  0  0  0]
 [ 0  0  2  0]
 [ 2  8  4  0]
 [ 8  4 32  0]]

TIME TAKEN FOR STEP: 5.00200493986

*********************

BRANCHES: 54
AI SELECT ACTION: u
*********************
BEFORE: 
[[ 0  0  0  0]
 [ 0  0  2  0]
 [ 2  8  4  0]
 [ 8  4 32  0]]

*********************
AFTER: 
[[ 2  8  2  0]
 [ 8  4  4  0]
 [ 0  0 32  2]
 [ 0  0  0  0]]

TIME TAKEN FOR STEP: 5.00141195173

*********************

BRANCHES: 70
AI SELECT ACTION: d
*********************
BEFORE: 
[[ 2  8  2  0]
 [ 8  4  4  0]
 [ 0  0 32  2]
 [ 0  0  0  0]]

*********************
AFTER: 
[[ 0  0  0  0]
 [ 0  2  2  0]
 [ 2  8  4  0]
 [ 8  4 32  2]]

TIME TAKEN FOR STEP: 5.00191644596

*********************

BRANCHES: 46
AI SELECT ACTION: l
*********************
BEFORE: 
[[ 0  0  0  0]
 [ 0  2  2  0]
 [ 2  8  4  0]
 [ 8  4 32  2]]

*********************
AFTER: 
[[ 0  0  0  0]
 [ 4  0  2  0]
 [ 2  8  4  0]
 [ 8  4 32  2]]

TIME TAKEN FOR STEP: 5.00204326087

*********************

BRANCHES: 42
AI SELECT ACTION: r
*********************
BEFORE: 
[[ 0  0  0  0]
 [ 4  0  2  0]
 [ 2  8  4  0]
 [ 8  4 32  2]]

*********************
AFTER: 
[[ 0  0  0  0]
 [ 2  0  4  2]
 [ 0  2  8  4]
 [ 8  4 32  2]]

TIME TAKEN FOR STEP: 5.00161382844

*********************

BRANCHES: 48
AI SELECT ACTION: d
*********************
BEFORE: 
[[ 0  0  0  0]
 [ 2  0  4  2]
 [ 0  2  8  4]
 [ 8  4 32  2]]

*********************
AFTER: 
[[ 2  0  0  0]
 [ 0  0  4  2]
 [ 2  2  8  4]
 [ 8  4 32  2]]

TIME TAKEN FOR STEP: 5.00203377938

*********************

BRANCHES: 48
AI SELECT ACTION: u
*********************
BEFORE: 
[[ 2  0  0  0]
 [ 0  0  4  2]
 [ 2  2  8  4]
 [ 8  4 32  2]]

*********************
AFTER: 
[[ 4  2  4  2]
 [ 8  4  8  4]
 [ 0  0 32  2]
 [ 0  2  0  0]]

TIME TAKEN FOR STEP: 5.00150558144

*********************

BRANCHES: 40
AI SELECT ACTION: d
*********************
BEFORE: 
[[ 4  2  4  2]
 [ 8  4  8  4]
 [ 0  0 32  2]
 [ 0  2  0  0]]

*********************
AFTER: 
[[ 0  0  4  0]
 [ 0  2  4  2]
 [ 4  4  8  4]
 [ 8  2 32  2]]

TIME TAKEN FOR STEP: 5.00147002585

*********************

BRANCHES: 44
AI SELECT ACTION: d
*********************
BEFORE: 
[[ 0  0  4  0]
 [ 0  2  4  2]
 [ 4  4  8  4]
 [ 8  2 32  2]]

*********************
AFTER: 
[[ 0  0  2  0]
 [ 0  2  8  2]
 [ 4  4  8  4]
 [ 8  2 32  2]]

TIME TAKEN FOR STEP: 5.00167466799

*********************

BRANCHES: 42
AI SELECT ACTION: l
*********************
BEFORE: 
[[ 0  0  2  0]
 [ 0  2  8  2]
 [ 4  4  8  4]
 [ 8  2 32  2]]

*********************
AFTER: 
[[ 2  0  0  2]
 [ 2  8  2  0]
 [16  4  0  0]
 [ 8  2 32  2]]

TIME TAKEN FOR STEP: 5.00211200167

*********************

BRANCHES: 52
AI SELECT ACTION: d
*********************
BEFORE: 
[[ 2  0  0  2]
 [ 2  8  2  0]
 [16  4  0  0]
 [ 8  2 32  2]]

*********************
AFTER: 
[[ 0  0  0  0]
 [ 4  8  0  0]
 [16  4  2  2]
 [ 8  2 32  4]]

TIME TAKEN FOR STEP: 5.00198005095

*********************

BRANCHES: 42
AI SELECT ACTION: l
*********************
BEFORE: 
[[ 0  0  0  0]
 [ 4  8  0  0]
 [16  4  2  2]
 [ 8  2 32  4]]

*********************
AFTER: 
[[ 0  0  0  0]
 [ 4  8  2  0]
 [16  4  4  0]
 [ 8  2 32  4]]

TIME TAKEN FOR STEP: 5.00109392679

*********************

BRANCHES: 40
AI SELECT ACTION: u
*********************
BEFORE: 
[[ 0  0  0  0]
 [ 4  8  2  0]
 [16  4  4  0]
 [ 8  2 32  4]]

*********************
AFTER: 
[[ 4  8  2  4]
 [16  4  4  0]
 [ 8  2 32  0]
 [ 0  2  0  0]]

TIME TAKEN FOR STEP: 5.00276069354

*********************

BRANCHES: 52
AI SELECT ACTION: l
*********************
BEFORE: 
[[ 4  8  2  4]
 [16  4  4  0]
 [ 8  2 32  0]
 [ 0  2  0  0]]

*********************
AFTER: 
[[ 4  8  2  4]
 [16  8  0  0]
 [ 8  2 32  4]
 [ 2  0  0  0]]

TIME TAKEN FOR STEP: 5.00224355733

*********************

BRANCHES: 38
AI SELECT ACTION: r
*********************
BEFORE: 
[[ 4  8  2  4]
 [16  8  0  0]
 [ 8  2 32  4]
 [ 2  0  0  0]]

*********************
AFTER: 
[[ 4  8  2  4]
 [ 0  0 16  8]
 [ 8  2 32  4]
 [ 0  2  0  2]]

TIME TAKEN FOR STEP: 5.00114805029

*********************

BRANCHES: 40
AI SELECT ACTION: l
*********************
BEFORE: 
[[ 4  8  2  4]
 [ 0  0 16  8]
 [ 8  2 32  4]
 [ 0  2  0  2]]

*********************
AFTER: 
[[ 4  8  2  4]
 [16  8  0  0]
 [ 8  2 32  4]
 [ 4  0  4  0]]

TIME TAKEN FOR STEP: 5.00230597713

*********************

BRANCHES: 44
AI SELECT ACTION: u
*********************
BEFORE: 
[[ 4  8  2  4]
 [16  8  0  0]
 [ 8  2 32  4]
 [ 4  0  4  0]]

*********************
AFTER: 
[[ 4 16  2  8]
 [16  2 32  0]
 [ 8  0  4  0]
 [ 4  0  2  0]]

TIME TAKEN FOR STEP: 5.00242963155

*********************

BRANCHES: 30
AI SELECT ACTION: l
*********************
BEFORE: 
[[ 4 16  2  8]
 [16  2 32  0]
 [ 8  0  4  0]
 [ 4  0  2  0]]

*********************
AFTER: 
[[ 4 16  2  8]
 [16  2 32  0]
 [ 8  4  0  0]
 [ 4  2  2  0]]

TIME TAKEN FOR STEP: 5.00503704102

*********************

BRANCHES: 38
AI SELECT ACTION: u
*********************
BEFORE: 
[[ 4 16  2  8]
 [16  2 32  0]
 [ 8  4  0  0]
 [ 4  2  2  0]]

*********************
AFTER: 
[[ 4 16  2  8]
 [16  2 32  0]
 [ 8  4  2  2]
 [ 4  2  0  0]]

TIME TAKEN FOR STEP: 5.00246874269

*********************

BRANCHES: 32
AI SELECT ACTION: r
*********************
BEFORE: 
[[ 4 16  2  8]
 [16  2 32  0]
 [ 8  4  2  2]
 [ 4  2  0  0]]

*********************
AFTER: 
[[ 4 16  2  8]
 [ 0 16  2 32]
 [ 0  0  0 16]
 [ 2  0  4  2]]

TIME TAKEN FOR STEP: 5.00233639691

*********************

BRANCHES: 50
AI SELECT ACTION: u
*********************
BEFORE: 
[[ 4 16  2  8]
 [ 0 16  2 32]
 [ 0  0  0 16]
 [ 2  0  4  2]]

*********************
AFTER: 
[[ 4 32  8  8]
 [ 2  0  0 32]
 [ 0  0  0 16]
 [ 0  0  2  2]]

TIME TAKEN FOR STEP: 5.00169244578

*********************

BRANCHES: 64
AI SELECT ACTION: d
*********************
BEFORE: 
[[ 4 32  8  8]
 [ 2  0  0 32]
 [ 0  0  0 16]
 [ 0  0  2  2]]

*********************
AFTER: 
[[ 0  0  2  8]
 [ 0  0  0 32]
 [ 4  0  8 16]
 [ 2 32  2  2]]

TIME TAKEN FOR STEP: 5.00154903826

*********************

BRANCHES: 52
AI SELECT ACTION: u
*********************
BEFORE: 
[[ 0  0  2  8]
 [ 0  0  0 32]
 [ 4  0  8 16]
 [ 2 32  2  2]]

*********************
AFTER: 
[[ 4 32  2  8]
 [ 2  2  8 32]
 [ 0  0  2 16]
 [ 0  0  0  2]]

TIME TAKEN FOR STEP: 5.0014435567

*********************

BRANCHES: 34
AI SELECT ACTION: d
*********************
BEFORE: 
[[ 4 32  2  8]
 [ 2  2  8 32]
 [ 0  0  2 16]
 [ 0  0  0  2]]

*********************
AFTER: 
[[ 0  2  0  8]
 [ 0  0  2 32]
 [ 4 32  8 16]
 [ 2  2  2  2]]

TIME TAKEN FOR STEP: 5.00293096528

*********************

BRANCHES: 40
AI SELECT ACTION: u
*********************
BEFORE: 
[[ 0  2  0  8]
 [ 0  0  2 32]
 [ 4 32  8 16]
 [ 2  2  2  2]]

*********************
AFTER: 
[[ 4  2  2  8]
 [ 2 32  8 32]
 [ 0  2  2 16]
 [ 0  0  2  2]]

TIME TAKEN FOR STEP: 5.00051042016

*********************

BRANCHES: 42
AI SELECT ACTION: d
*********************
BEFORE: 
[[ 4  2  2  8]
 [ 2 32  8 32]
 [ 0  2  2 16]
 [ 0  0  2  2]]

*********************
AFTER: 
[[ 2  0  0  8]
 [ 0  2  2 32]
 [ 4 32  8 16]
 [ 2  2  4  2]]

TIME TAKEN FOR STEP: 5.00270498979

*********************

BRANCHES: 34
AI SELECT ACTION: u
*********************
BEFORE: 
[[ 2  0  0  8]
 [ 0  2  2 32]
 [ 4 32  8 16]
 [ 2  2  4  2]]

*********************
AFTER: 
[[ 2  2  2  8]
 [ 4 32  8 32]
 [ 2  2  4 16]
 [ 0  0  4  2]]

TIME TAKEN FOR STEP: 5.00284681706

*********************

BRANCHES: 32
AI SELECT ACTION: d
*********************
BEFORE: 
[[ 2  2  2  8]
 [ 4 32  8 32]
 [ 2  2  4 16]
 [ 0  0  4  2]]

*********************
AFTER: 
[[ 0  0  2  8]
 [ 2  2  0 32]
 [ 4 32  2 16]
 [ 2  2 16  2]]

TIME TAKEN FOR STEP: 5.00154429752

*********************

BRANCHES: 36
AI SELECT ACTION: d
*********************
BEFORE: 
[[ 0  0  2  8]
 [ 2  2  0 32]
 [ 4 32  2 16]
 [ 2  2 16  2]]

*********************
AFTER: 
[[ 0  0  2  8]
 [ 2  2  0 32]
 [ 4 32  4 16]
 [ 2  2 16  2]]

TIME TAKEN FOR STEP: 5.00184019898

*********************

BRANCHES: 32
AI SELECT ACTION: u
*********************
BEFORE: 
[[ 0  0  2  8]
 [ 2  2  0 32]
 [ 4 32  4 16]
 [ 2  2 16  2]]

*********************
AFTER: 
[[ 2  2  2  8]
 [ 4 32  4 32]
 [ 2  2 16 16]
 [ 2  0  0  2]]

TIME TAKEN FOR STEP: 5.00211555723

*********************

BRANCHES: 38
AI SELECT ACTION: r
*********************
BEFORE: 
[[ 2  2  2  8]
 [ 4 32  4 32]
 [ 2  2 16 16]
 [ 2  0  0  2]]

*********************
AFTER: 
[[ 0  2  4  8]
 [ 4 32  4 32]
 [ 0  2  4 32]
 [ 0  0  0  4]]

TIME TAKEN FOR STEP: 5.0012894825

*********************

BRANCHES: 38
AI SELECT ACTION: u
*********************
BEFORE: 
[[ 0  2  4  8]
 [ 4 32  4 32]
 [ 0  2  4 32]
 [ 0  0  0  4]]

*********************
AFTER: 
[[ 4  2  8  8]
 [ 0 32  4 64]
 [ 0  2  2  4]
 [ 0  0  0  0]]

TIME TAKEN FOR STEP: 5.00254973041

*********************

BRANCHES: 46
AI SELECT ACTION: r
*********************
BEFORE: 
[[ 4  2  8  8]
 [ 0 32  4 64]
 [ 0  2  2  4]
 [ 0  0  0  0]]

*********************
AFTER: 
[[ 0  4  2 16]
 [ 0 32  4 64]
 [ 0  2  4  4]
 [ 0  0  0  0]]

TIME TAKEN FOR STEP: 5.00139733444

*********************

BRANCHES: 64
AI SELECT ACTION: d
*********************
BEFORE: 
[[ 0  4  2 16]
 [ 0 32  4 64]
 [ 0  2  4  4]
 [ 0  0  0  0]]

*********************
AFTER: 
[[ 2  0  0  0]
 [ 0  4  0 16]
 [ 0 32  2 64]
 [ 0  2  8  4]]

TIME TAKEN FOR STEP: 5.00143881595

*********************

BRANCHES: 56
AI SELECT ACTION: d
*********************
BEFORE: 
[[ 2  0  0  0]
 [ 0  4  0 16]
 [ 0 32  2 64]
 [ 0  2  8  4]]

*********************
AFTER: 
[[ 0  0  0  2]
 [ 0  4  0 16]
 [ 0 32  2 64]
 [ 2  2  8  4]]

TIME TAKEN FOR STEP: 5.00168256923

*********************

BRANCHES: 40
AI SELECT ACTION: r
*********************
BEFORE: 
[[ 0  0  0  2]
 [ 0  4  0 16]
 [ 0 32  2 64]
 [ 2  2  8  4]]

*********************
AFTER: 
[[ 2  0  0  2]
 [ 0  0  4 16]
 [ 0 32  2 64]
 [ 0  4  8  4]]

TIME TAKEN FOR STEP: 5.00273145895

*********************

BRANCHES: 52
AI SELECT ACTION: l
*********************
BEFORE: 
[[ 2  0  0  2]
 [ 0  0  4 16]
 [ 0 32  2 64]
 [ 0  4  8  4]]

*********************
AFTER: 
[[ 4  0  0  2]
 [ 4 16  0  0]
 [32  2 64  0]
 [ 4  8  4  0]]

TIME TAKEN FOR STEP: 5.00143447027

*********************

BRANCHES: 52
AI SELECT ACTION: d
*********************
BEFORE: 
[[ 4  0  0  2]
 [ 4 16  0  0]
 [32  2 64  0]
 [ 4  8  4  0]]

*********************
AFTER: 
[[ 0  0  0  2]
 [ 8 16  0  0]
 [32  2 64  0]
 [ 4  8  4  2]]

TIME TAKEN FOR STEP: 5.00145698881

*********************

BRANCHES: 52
AI SELECT ACTION: d
*********************
BEFORE: 
[[ 0  0  0  2]
 [ 8 16  0  0]
 [32  2 64  0]
 [ 4  8  4  2]]

*********************
AFTER: 
[[ 0  0  0  0]
 [ 8 16  2  0]
 [32  2 64  0]
 [ 4  8  4  4]]

TIME TAKEN FOR STEP: 5.00199229787

*********************

BRANCHES: 42
AI SELECT ACTION: u
*********************
BEFORE: 
[[ 0  0  0  0]
 [ 8 16  2  0]
 [32  2 64  0]
 [ 4  8  4  4]]

*********************
AFTER: 
[[ 8 16  2  4]
 [32  2 64  0]
 [ 4  8  4  0]
 [ 0  2  0  0]]

TIME TAKEN FOR STEP: 5.00183782861

*********************

BRANCHES: 30
AI SELECT ACTION: l
*********************
BEFORE: 
[[ 8 16  2  4]
 [32  2 64  0]
 [ 4  8  4  0]
 [ 0  2  0  0]]

*********************
AFTER: 
[[ 8 16  2  4]
 [32  2 64  0]
 [ 4  8  4  0]
 [ 2  0  2  0]]

TIME TAKEN FOR STEP: 5.00100345758

*********************

BRANCHES: 28
AI SELECT ACTION: d
*********************
BEFORE: 
[[ 8 16  2  4]
 [32  2 64  0]
 [ 4  8  4  0]
 [ 2  0  2  0]]

*********************
AFTER: 
[[ 8  0  2  0]
 [32 16 64  2]
 [ 4  2  4  0]
 [ 2  8  2  4]]

TIME TAKEN FOR STEP: 5.00211318685

*********************

BRANCHES: 24
AI SELECT ACTION: d
*********************
BEFORE: 
[[ 8  0  2  0]
 [32 16 64  2]
 [ 4  2  4  0]
 [ 2  8  2  4]]

*********************
AFTER: 
[[ 8  2  2  0]
 [32 16 64  0]
 [ 4  2  4  2]
 [ 2  8  2  4]]

TIME TAKEN FOR STEP: 5.00275516267

*********************

BRANCHES: 16
AI SELECT ACTION: l
*********************
BEFORE: 
[[ 8  2  2  0]
 [32 16 64  0]
 [ 4  2  4  2]
 [ 2  8  2  4]]

*********************
AFTER: 
[[ 8  4  2  0]
 [32 16 64  0]
 [ 4  2  4  2]
 [ 2  8  2  4]]

TIME TAKEN FOR STEP: 5.00196029785

*********************

BRANCHES: 8
AI SELECT ACTION: r
*********************
BEFORE: 
[[ 8  4  2  0]
 [32 16 64  0]
 [ 4  2  4  2]
 [ 2  8  2  4]]

*********************
AFTER: 
[[ 0  8  4  2]
 [ 2 32 16 64]
 [ 4  2  4  2]
 [ 2  8  2  4]]

TIME TAKEN FOR STEP: 5.00157590248

*********************

BRANCHES: 4
AI SELECT ACTION: l
*********************
BEFORE: 
[[ 0  8  4  2]
 [ 2 32 16 64]
 [ 4  2  4  2]
 [ 2  8  2  4]]

*********************
AFTER: 
[[ 8  4  2  4]
 [ 2 32 16 64]
 [ 4  2  4  2]
 [ 2  8  2  4]]

TIME TAKEN FOR STEP: 5.00247190319

FINISHED: 
[[ 8  4  2  4]
 [ 2 32 16 64]
 [ 4  2  4  2]
 [ 2  8  2  4]]

IS WIN?: 
False

IS LOSE?: 
True

