STARTIG BOARD: 
[[  2  64  16   4]
 [  4  16  32 512]
 [128   2   4   8]
 [  2  16   4   2]]

*********************

BRANCHES: 4
AI SELECT ACTION: d
*********************
BEFORE: 
[[  2  64  16   4]
 [  4  16  32 512]
 [128   2   4   8]
 [  2  16   4   2]]

*********************
AFTER: 
[[  2  64   2   4]
 [  4  16  16 512]
 [128   2  32   8]
 [  2  16   8   2]]

TIME TAKEN FOR STEP: 10.0146405984

*********************

BRANCHES: 4
AI SELECT ACTION: r
*********************
BEFORE: 
[[  2  64   2   4]
 [  4  16  16 512]
 [128   2  32   8]
 [  2  16   8   2]]

*********************
AFTER: 
[[  2  64   2   4]
 [  4   4  32 512]
 [128   2  32   8]
 [  2  16   8   2]]

TIME TAKEN FOR STEP: 10.001717334

*********************

BRANCHES: 8
AI SELECT ACTION: u
*********************
BEFORE: 
[[  2  64   2   4]
 [  4   4  32 512]
 [128   2  32   8]
 [  2  16   8   2]]

*********************
AFTER: 
[[  2  64   2   4]
 [  4   4  64 512]
 [128   2   8   8]
 [  2  16   2   2]]

TIME TAKEN FOR STEP: 10.00373452

*********************

BRANCHES: 12
AI SELECT ACTION: l
*********************
BEFORE: 
[[  2  64   2   4]
 [  4   4  64 512]
 [128   2   8   8]
 [  2  16   2   2]]

*********************
AFTER: 
[[  2  64   2   4]
 [  8  64 512   0]
 [128   2  16   0]
 [  2  16   4   2]]

TIME TAKEN FOR STEP: 10.0037333348

*********************

BRANCHES: 16
AI SELECT ACTION: d
*********************
BEFORE: 
[[  2  64   2   4]
 [  8  64 512   0]
 [128   2  16   0]
 [  2  16   4   2]]

*********************
AFTER: 
[[  2   0   2   0]
 [  8 128 512   2]
 [128   2  16   4]
 [  2  16   4   2]]

TIME TAKEN FOR STEP: 10.0013155561

*********************

BRANCHES: 16
AI SELECT ACTION: r
*********************
BEFORE: 
[[  2   0   2   0]
 [  8 128 512   2]
 [128   2  16   4]
 [  2  16   4   2]]

*********************
AFTER: 
[[  0   4   0   4]
 [  8 128 512   2]
 [128   2  16   4]
 [  2  16   4   2]]

TIME TAKEN FOR STEP: 10.0022119515

*********************

BRANCHES: 16
AI SELECT ACTION: r
*********************
BEFORE: 
[[  0   4   0   4]
 [  8 128 512   2]
 [128   2  16   4]
 [  2  16   4   2]]

*********************
AFTER: 
[[  2   0   0   8]
 [  8 128 512   2]
 [128   2  16   4]
 [  2  16   4   2]]

TIME TAKEN FOR STEP: 10.0019496304

*********************

BRANCHES: 12
AI SELECT ACTION: l
*********************
BEFORE: 
[[  2   0   0   8]
 [  8 128 512   2]
 [128   2  16   4]
 [  2  16   4   2]]

*********************
AFTER: 
[[  2   8   0   2]
 [  8 128 512   2]
 [128   2  16   4]
 [  2  16   4   2]]

TIME TAKEN FOR STEP: 10.0029009394

*********************

BRANCHES: 14
AI SELECT ACTION: u
*********************
BEFORE: 
[[  2   8   0   2]
 [  8 128 512   2]
 [128   2  16   4]
 [  2  16   4   2]]

*********************
AFTER: 
[[  2   8 512   8]
 [  8 128  16   2]
 [128   2   4   0]
 [  2  16   0   2]]

TIME TAKEN FOR STEP: 10.0451429314

*********************

BRANCHES: 20
AI SELECT ACTION: d
*********************
BEFORE: 
[[  2   8 512   8]
 [  8 128  16   2]
 [128   2   4   0]
 [  2  16   0   2]]

*********************
AFTER: 
[[  2   8   2   0]
 [  8 128 512   0]
 [128   2  16   8]
 [  2  16   4   4]]

TIME TAKEN FOR STEP: 9.99453076327

*********************

BRANCHES: 16
AI SELECT ACTION: r
*********************
BEFORE: 
[[  2   8   2   0]
 [  8 128 512   0]
 [128   2  16   8]
 [  2  16   4   4]]

*********************
AFTER: 
[[  2   2   8   2]
 [  0   8 128 512]
 [128   2  16   8]
 [  0   2  16   8]]

TIME TAKEN FOR STEP: 10.0010583708

*********************

BRANCHES: 32
AI SELECT ACTION: d
*********************
BEFORE: 
[[  2   2   8   2]
 [  0   8 128 512]
 [128   2  16   8]
 [  0   2  16   8]]

*********************
AFTER: 
[[  0   2   0   0]
 [  0   2   8   2]
 [  2   8 128 512]
 [128   4  32  16]]

TIME TAKEN FOR STEP: 10.0132689435

*********************

BRANCHES: 36
AI SELECT ACTION: u
*********************
BEFORE: 
[[  0   2   0   0]
 [  0   2   8   2]
 [  2   8 128 512]
 [128   4  32  16]]

*********************
AFTER: 
[[  2   4   8   2]
 [128   8 128 512]
 [  0   4  32  16]
 [  2   0   0   0]]

TIME TAKEN FOR STEP: 10.0096213371

*********************

BRANCHES: 32
AI SELECT ACTION: u
*********************
BEFORE: 
[[  2   4   8   2]
 [128   8 128 512]
 [  0   4  32  16]
 [  2   0   0   0]]

*********************
AFTER: 
[[  2   4   8   2]
 [128   8 128 512]
 [  2   4  32  16]
 [  0   2   0   0]]

TIME TAKEN FOR STEP: 10.0153892406

*********************

BRANCHES: 18
AI SELECT ACTION: l
*********************
BEFORE: 
[[  2   4   8   2]
 [128   8 128 512]
 [  2   4  32  16]
 [  0   2   0   0]]

*********************
AFTER: 
[[  2   4   8   2]
 [128   8 128 512]
 [  2   4  32  16]
 [  2   2   0   0]]

TIME TAKEN FOR STEP: 10.0058398048

*********************

BRANCHES: 24
AI SELECT ACTION: l
*********************
BEFORE: 
[[  2   4   8   2]
 [128   8 128 512]
 [  2   4  32  16]
 [  2   2   0   0]]

*********************
AFTER: 
[[  2   4   8   2]
 [128   8 128 512]
 [  2   4  32  16]
 [  4   0   0   4]]

TIME TAKEN FOR STEP: 10.0149333392

*********************

BRANCHES: 16
AI SELECT ACTION: l
*********************
BEFORE: 
[[  2   4   8   2]
 [128   8 128 512]
 [  2   4  32  16]
 [  4   0   0   4]]

*********************
AFTER: 
[[  2   4   8   2]
 [128   8 128 512]
 [  2   4  32  16]
 [  8   0   0   2]]

TIME TAKEN FOR STEP: 10.0167225745

*********************

BRANCHES: 12
AI SELECT ACTION: r
*********************
BEFORE: 
[[  2   4   8   2]
 [128   8 128 512]
 [  2   4  32  16]
 [  8   0   0   2]]

*********************
AFTER: 
[[  2   4   8   2]
 [128   8 128 512]
 [  2   4  32  16]
 [  2   0   8   2]]

TIME TAKEN FOR STEP: 10.0004049384

*********************

BRANCHES: 12
AI SELECT ACTION: d
*********************
BEFORE: 
[[  2   4   8   2]
 [128   8 128 512]
 [  2   4  32  16]
 [  2   0   8   2]]

*********************
AFTER: 
[[  2   0   8   2]
 [  2   4 128 512]
 [128   8  32  16]
 [  4   4   8   2]]

TIME TAKEN FOR STEP: 10.0075259289

*********************

BRANCHES: 18
AI SELECT ACTION: l
*********************
BEFORE: 
[[  2   0   8   2]
 [  2   4 128 512]
 [128   8  32  16]
 [  4   4   8   2]]

*********************
AFTER: 
[[  2   8   2   0]
 [  2   4 128 512]
 [128   8  32  16]
 [ 16   2   0   2]]

TIME TAKEN FOR STEP: 10.0013475561

*********************

BRANCHES: 24
AI SELECT ACTION: u
*********************
BEFORE: 
[[  2   8   2   0]
 [  2   4 128 512]
 [128   8  32  16]
 [ 16   2   0   2]]

*********************
AFTER: 
[[  4   8   2 512]
 [128   4 128  16]
 [ 16   8  32   2]
 [  0   2   2   0]]

TIME TAKEN FOR STEP: 10.0135134868

*********************

BRANCHES: 16
AI SELECT ACTION: r
*********************
BEFORE: 
[[  4   8   2 512]
 [128   4 128  16]
 [ 16   8  32   2]
 [  0   2   2   0]]

*********************
AFTER: 
[[  4   8   2 512]
 [128   4 128  16]
 [ 16   8  32   2]
 [  0   2   0   4]]

TIME TAKEN FOR STEP: 10.0055905207

*********************

BRANCHES: 12
AI SELECT ACTION: r
*********************
BEFORE: 
[[  4   8   2 512]
 [128   4 128  16]
 [ 16   8  32   2]
 [  0   2   0   4]]

*********************
AFTER: 
[[  4   8   2 512]
 [128   4 128  16]
 [ 16   8  32   2]
 [  2   0   2   4]]

TIME TAKEN FOR STEP: 10.0005503212

*********************

BRANCHES: 12
AI SELECT ACTION: r
*********************
BEFORE: 
[[  4   8   2 512]
 [128   4 128  16]
 [ 16   8  32   2]
 [  2   0   2   4]]

*********************
AFTER: 
[[  4   8   2 512]
 [128   4 128  16]
 [ 16   8  32   2]
 [  0   2   4   4]]

TIME TAKEN FOR STEP: 10.0062400025

*********************

BRANCHES: 10
AI SELECT ACTION: l
*********************
BEFORE: 
[[  4   8   2 512]
 [128   4 128  16]
 [ 16   8  32   2]
 [  0   2   4   4]]

*********************
AFTER: 
[[  4   8   2 512]
 [128   4 128  16]
 [ 16   8  32   2]
 [  2   8   0   2]]

TIME TAKEN FOR STEP: 10.0144292403

*********************

BRANCHES: 16
AI SELECT ACTION: d
*********************
BEFORE: 
[[  4   8   2 512]
 [128   4 128  16]
 [ 16   8  32   2]
 [  2   8   0   2]]

*********************
AFTER: 
[[  4   0   2   0]
 [128   8   2 512]
 [ 16   4 128  16]
 [  2  16  32   4]]

TIME TAKEN FOR STEP: 10.0018548155

*********************

BRANCHES: 20
AI SELECT ACTION: u
*********************
BEFORE: 
[[  4   0   2   0]
 [128   8   2 512]
 [ 16   4 128  16]
 [  2  16  32   4]]

*********************
AFTER: 
[[  4   8   4 512]
 [128   4 128  16]
 [ 16  16  32   4]
 [  2   0   2   0]]

TIME TAKEN FOR STEP: 10.0149305738

*********************

BRANCHES: 22
AI SELECT ACTION: l
*********************
BEFORE: 
[[  4   8   4 512]
 [128   4 128  16]
 [ 16  16  32   4]
 [  2   0   2   0]]

*********************
AFTER: 
[[  4   8   4 512]
 [128   4 128  16]
 [ 64   4   0   2]
 [  4   0   0   0]]

TIME TAKEN FOR STEP: 10.0006277533

*********************

BRANCHES: 38
AI SELECT ACTION: r
*********************
BEFORE: 
[[  4   8   4 512]
 [128   4 128  16]
 [ 64   4   0   2]
 [  4   0   0   0]]

*********************
AFTER: 
[[  4   8   4 512]
 [128   4 128  16]
 [  0  64   4   2]
 [  0   2   0   4]]

TIME TAKEN FOR STEP: 10.0017406427

*********************

BRANCHES: 18
AI SELECT ACTION: l
*********************
BEFORE: 
[[  4   8   4 512]
 [128   4 128  16]
 [  0  64   4   2]
 [  0   2   0   4]]

*********************
AFTER: 
[[  4   8   4 512]
 [128   4 128  16]
 [ 64   4   2   0]
 [  2   4   0   2]]

TIME TAKEN FOR STEP: 10.0008671608

*********************

BRANCHES: 20
AI SELECT ACTION: d
*********************
BEFORE: 
[[  4   8   4 512]
 [128   4 128  16]
 [ 64   4   2   0]
 [  2   4   0   2]]

*********************
AFTER: 
[[  4   0   2   0]
 [128   8   4 512]
 [ 64   4 128  16]
 [  2   8   2   2]]

TIME TAKEN FOR STEP: 10.0131606966

*********************

BRANCHES: 16
AI SELECT ACTION: r
*********************
BEFORE: 
[[  4   0   2   0]
 [128   8   4 512]
 [ 64   4 128  16]
 [  2   8   2   2]]

*********************
AFTER: 
[[  2   0   4   2]
 [128   8   4 512]
 [ 64   4 128  16]
 [  0   2   8   4]]

TIME TAKEN FOR STEP: 10.0016699266

*********************

BRANCHES: 20
AI SELECT ACTION: d
*********************
BEFORE: 
[[  2   0   4   2]
 [128   8   4 512]
 [ 64   4 128  16]
 [  0   2   8   4]]

*********************
AFTER: 
[[  2   0   0   2]
 [  2   8   8 512]
 [128   4 128  16]
 [ 64   2   8   4]]

TIME TAKEN FOR STEP: 9.99981629622

*********************

BRANCHES: 28
AI SELECT ACTION: r
*********************
BEFORE: 
[[  2   0   0   2]
 [  2   8   8 512]
 [128   4 128  16]
 [ 64   2   8   4]]

*********************
AFTER: 
[[  0   2   0   4]
 [  0   2  16 512]
 [128   4 128  16]
 [ 64   2   8   4]]

TIME TAKEN FOR STEP: 10.0024367417

*********************

BRANCHES: 30
AI SELECT ACTION: u
*********************
BEFORE: 
[[  0   2   0   4]
 [  0   2  16 512]
 [128   4 128  16]
 [ 64   2   8   4]]

*********************
AFTER: 
[[128   8  16   4]
 [ 64   2 128 512]
 [  0   0   8  16]
 [  2   0   0   4]]

TIME TAKEN FOR STEP: 10.0168900807

*********************

BRANCHES: 32
AI SELECT ACTION: d
*********************
BEFORE: 
[[128   8  16   4]
 [ 64   2 128 512]
 [  0   0   8  16]
 [  2   0   0   4]]

*********************
AFTER: 
[[  0   2   0   4]
 [128   0  16 512]
 [ 64   8 128  16]
 [  2   2   8   4]]

TIME TAKEN FOR STEP: 10.000300247

*********************

BRANCHES: 28
AI SELECT ACTION: l
*********************
BEFORE: 
[[  0   2   0   4]
 [128   0  16 512]
 [ 64   8 128  16]
 [  2   2   8   4]]

*********************
AFTER: 
[[  2   4   0   4]
 [128  16 512   0]
 [ 64   8 128  16]
 [  4   8   4   0]]

TIME TAKEN FOR STEP: 10.0087439047

*********************

BRANCHES: 34
AI SELECT ACTION: u
*********************
BEFORE: 
[[  2   4   0   4]
 [128  16 512   0]
 [ 64   8 128  16]
 [  4   8   4   0]]

*********************
AFTER: 
[[  2   4 512   4]
 [128  16 128  16]
 [ 64  16   4   0]
 [  4   2   0   0]]

TIME TAKEN FOR STEP: 10.0121596097

*********************

BRANCHES: 22
AI SELECT ACTION: d
*********************
BEFORE: 
[[  2   4 512   4]
 [128  16 128  16]
 [ 64  16   4   0]
 [  4   2   0   0]]

*********************
AFTER: 
[[  2   0   0   4]
 [128   4 512   0]
 [ 64  32 128   4]
 [  4   2   4  16]]

TIME TAKEN FOR STEP: 10.0018224205

*********************

BRANCHES: 28
AI SELECT ACTION: u
*********************
BEFORE: 
[[  2   0   0   4]
 [128   4 512   0]
 [ 64  32 128   4]
 [  4   2   4  16]]

*********************
AFTER: 
[[  2   4 512   8]
 [128  32 128  16]
 [ 64   2   4   0]
 [  4   0   2   0]]

TIME TAKEN FOR STEP: 10.0003851853

*********************

BRANCHES: 18
AI SELECT ACTION: d
*********************
BEFORE: 
[[  2   4 512   8]
 [128  32 128  16]
 [ 64   2   4   0]
 [  4   0   2   0]]

*********************
AFTER: 
[[  2   0 512   0]
 [128   4 128   2]
 [ 64  32   4   8]
 [  4   2   2  16]]

TIME TAKEN FOR STEP: 10.0145995119

*********************

BRANCHES: 18
AI SELECT ACTION: r
*********************
BEFORE: 
[[  2   0 512   0]
 [128   4 128   2]
 [ 64  32   4   8]
 [  4   2   2  16]]

*********************
AFTER: 
[[  0   2   2 512]
 [128   4 128   2]
 [ 64  32   4   8]
 [  0   0   8  16]]

TIME TAKEN FOR STEP: 10.0136383264

*********************

BRANCHES: 28
AI SELECT ACTION: u
*********************
BEFORE: 
[[  0   2   2 512]
 [128   4 128   2]
 [ 64  32   4   8]
 [  0   0   8  16]]

*********************
AFTER: 
[[128   2   2 512]
 [ 64   4 128   2]
 [  0  32   4   8]
 [  0   2   8  16]]

TIME TAKEN FOR STEP: 10.0024035565

*********************

BRANCHES: 16
AI SELECT ACTION: r
*********************
BEFORE: 
[[128   2   2 512]
 [ 64   4 128   2]
 [  0  32   4   8]
 [  0   2   8  16]]

*********************
AFTER: 
[[  2 128   4 512]
 [ 64   4 128   2]
 [  0  32   4   8]
 [  0   2   8  16]]

TIME TAKEN FOR STEP: 10.0033592112

*********************

BRANCHES: 8
AI SELECT ACTION: l
*********************
BEFORE: 
[[  2 128   4 512]
 [ 64   4 128   2]
 [  0  32   4   8]
 [  0   2   8  16]]

*********************
AFTER: 
[[  2 128   4 512]
 [ 64   4 128   2]
 [ 32   4   8   2]
 [  2   8  16   0]]

TIME TAKEN FOR STEP: 10.0064229161

*********************

BRANCHES: 16
AI SELECT ACTION: u
*********************
BEFORE: 
[[  2 128   4 512]
 [ 64   4 128   2]
 [ 32   4   8   2]
 [  2   8  16   0]]

*********************
AFTER: 
[[  2 128   4 512]
 [ 64  16 128   4]
 [ 32   0   8   2]
 [  2   0  16   0]]

TIME TAKEN FOR STEP: 10.0003377779

*********************

BRANCHES: 18
AI SELECT ACTION: d
*********************
BEFORE: 
[[  2 128   4 512]
 [ 64  16 128   4]
 [ 32   0   8   2]
 [  2   0  16   0]]

*********************
AFTER: 
[[  2   0   4   0]
 [ 64   2 128 512]
 [ 32 128   8   4]
 [  2  16  16   2]]

TIME TAKEN FOR STEP: 10.0167984264

*********************

BRANCHES: 16
AI SELECT ACTION: l
*********************
BEFORE: 
[[  2   0   4   0]
 [ 64   2 128 512]
 [ 32 128   8   4]
 [  2  16  16   2]]

*********************
AFTER: 
[[  2   4   0   0]
 [ 64   2 128 512]
 [ 32 128   8   4]
 [  2  32   2   4]]

TIME TAKEN FOR STEP: 10.0139322524

*********************

BRANCHES: 16
AI SELECT ACTION: u
*********************
BEFORE: 
[[  2   4   0   0]
 [ 64   2 128 512]
 [ 32 128   8   4]
 [  2  32   2   4]]

*********************
AFTER: 
[[  2   4 128 512]
 [ 64   2   8   8]
 [ 32 128   2   2]
 [  2  32   0   0]]

TIME TAKEN FOR STEP: 10.0144616353

*********************

BRANCHES: 20
AI SELECT ACTION: r
*********************
BEFORE: 
[[  2   4 128 512]
 [ 64   2   8   8]
 [ 32 128   2   2]
 [  2  32   0   0]]

*********************
AFTER: 
[[  2   4 128 512]
 [  0  64   2  16]
 [  4  32 128   4]
 [  0   0   2  32]]

TIME TAKEN FOR STEP: 10.0147219811

*********************

BRANCHES: 18
AI SELECT ACTION: l
*********************
BEFORE: 
[[  2   4 128 512]
 [  0  64   2  16]
 [  4  32 128   4]
 [  0   0   2  32]]

*********************
AFTER: 
[[  2   4 128 512]
 [ 64   2  16   2]
 [  4  32 128   4]
 [  2  32   0   0]]

TIME TAKEN FOR STEP: 10.0135245486

*********************

BRANCHES: 16
AI SELECT ACTION: d
*********************
BEFORE: 
[[  2   4 128 512]
 [ 64   2  16   2]
 [  4  32 128   4]
 [  2  32   0   0]]

*********************
AFTER: 
[[  2   0   0   2]
 [ 64   4 128 512]
 [  4   2  16   2]
 [  2  64 128   4]]

TIME TAKEN FOR STEP: 10.0149688948

*********************

BRANCHES: 16
AI SELECT ACTION: u
*********************
BEFORE: 
[[  2   0   0   2]
 [ 64   4 128 512]
 [  4   2  16   2]
 [  2  64 128   4]]

*********************
AFTER: 
[[  2   4 128   2]
 [ 64   2  16 512]
 [  4  64 128   2]
 [  2   2   0   4]]

TIME TAKEN FOR STEP: 10.0144679563

*********************

BRANCHES: 12
AI SELECT ACTION: l
*********************
BEFORE: 
[[  2   4 128   2]
 [ 64   2  16 512]
 [  4  64 128   2]
 [  2   2   0   4]]

*********************
AFTER: 
[[  2   4 128   2]
 [ 64   2  16 512]
 [  4  64 128   2]
 [  8   0   2   0]]

TIME TAKEN FOR STEP: 10.0150605492

*********************

BRANCHES: 12
AI SELECT ACTION: l
*********************
BEFORE: 
[[  2   4 128   2]
 [ 64   2  16 512]
 [  4  64 128   2]
 [  8   0   2   0]]

*********************
AFTER: 
[[  2   4 128   2]
 [ 64   2  16 512]
 [  4  64 128   2]
 [  8   2   0   2]]

TIME TAKEN FOR STEP: 10.0140942278

*********************

BRANCHES: 16
AI SELECT ACTION: d
*********************
BEFORE: 
[[  2   4 128   2]
 [ 64   2  16 512]
 [  4  64 128   2]
 [  8   2   0   2]]

*********************
AFTER: 
[[  2   4   2   0]
 [ 64   2 128   2]
 [  4  64  16 512]
 [  8   2 128   4]]

TIME TAKEN FOR STEP: 10.0140985735

*********************

BRANCHES: 4
AI SELECT ACTION: u
*********************
BEFORE: 
[[  2   4   2   0]
 [ 64   2 128   2]
 [  4  64  16 512]
 [  8   2 128   4]]

*********************
AFTER: 
[[  2   4   2   2]
 [ 64   2 128 512]
 [  4  64  16   4]
 [  8   2 128   2]]

TIME TAKEN FOR STEP: 10.0146536354

*********************

BRANCHES: 6
AI SELECT ACTION: r
*********************
BEFORE: 
[[  2   4   2   2]
 [ 64   2 128 512]
 [  4  64  16   4]
 [  8   2 128   2]]

*********************
AFTER: 
[[  0   2   2   8]
 [ 64   2 128 512]
 [  4  64  16   4]
 [  8   2 128   2]]

TIME TAKEN FOR STEP: 10.014415018

*********************

BRANCHES: 16
AI SELECT ACTION: l
*********************
BEFORE: 
[[  0   2   2   8]
 [ 64   2 128 512]
 [  4  64  16   4]
 [  8   2 128   2]]

*********************
AFTER: 
[[  4   8   2   0]
 [ 64   2 128 512]
 [  4  64  16   4]
 [  8   2 128   2]]

TIME TAKEN FOR STEP: 10.0153074628

*********************

BRANCHES: 4
AI SELECT ACTION: r
*********************
BEFORE: 
[[  4   8   2   0]
 [ 64   2 128 512]
 [  4  64  16   4]
 [  8   2 128   2]]

*********************
AFTER: 
[[  2   4   8   2]
 [ 64   2 128 512]
 [  4  64  16   4]
 [  8   2 128   2]]

TIME TAKEN FOR STEP: 10.0134968942

FINISHED: 
[[  2   4   8   2]
 [ 64   2 128 512]
 [  4  64  16   4]
 [  8   2 128   2]]

IS WIN?: 
False

IS LOSE?: 
True

