STARTING BOARD: 
[[0 2 0 0]
 [0 0 0 0]
 [2 0 0 0]
 [0 0 0 0]]

*********************

BRANCHES: 112
AI SELECT ACTION: u
*********************
BEFORE: 
[[0 2 0 0]
 [0 0 0 0]
 [2 0 0 0]
 [0 0 0 0]]

*********************
AFTER: 
[[2 2 0 0]
 [0 0 0 0]
 [0 0 0 0]
 [0 0 0 4]]

TIME TAKEN FOR STEP: 5.05407964767

*********************

BRANCHES: 108
AI SELECT ACTION: l
*********************
BEFORE: 
[[2 2 0 0]
 [0 0 0 0]
 [0 0 0 0]
 [0 0 0 4]]

*********************
AFTER: 
[[4 0 0 0]
 [0 0 0 0]
 [2 0 0 0]
 [4 0 0 0]]

TIME TAKEN FOR STEP: 4.82160143929

*********************

BRANCHES: 78
AI SELECT ACTION: r
*********************
BEFORE: 
[[4 0 0 0]
 [0 0 0 0]
 [2 0 0 0]
 [4 0 0 0]]

*********************
AFTER: 
[[0 0 0 4]
 [0 0 0 0]
 [0 0 0 2]
 [2 0 0 4]]

TIME TAKEN FOR STEP: 3.73386250577

*********************

BRANCHES: 96
AI SELECT ACTION: l
*********************
BEFORE: 
[[0 0 0 4]
 [0 0 0 0]
 [0 0 0 2]
 [2 0 0 4]]

*********************
AFTER: 
[[4 0 0 0]
 [0 0 0 0]
 [2 0 0 4]
 [2 4 0 0]]

TIME TAKEN FOR STEP: 4.57092232764

*********************

BRANCHES: 94
AI SELECT ACTION: d
*********************
BEFORE: 
[[4 0 0 0]
 [0 0 0 0]
 [2 0 0 4]
 [2 4 0 0]]

*********************
AFTER: 
[[0 0 0 0]
 [0 0 0 0]
 [2 0 0 0]
 [8 4 0 4]]

TIME TAKEN FOR STEP: 4.11425273225

*********************

BRANCHES: 78
AI SELECT ACTION: r
*********************
BEFORE: 
[[0 0 0 0]
 [0 0 0 0]
 [2 0 0 0]
 [8 4 0 4]]

*********************
AFTER: 
[[ 0  0  0  0]
 [ 0  2  0  0]
 [ 0  0  0  2]
 [ 0  0  0 16]]

TIME TAKEN FOR STEP: 3.77646441597

*********************

BRANCHES: 104
AI SELECT ACTION: r
*********************
BEFORE: 
[[ 0  0  0  0]
 [ 0  2  0  0]
 [ 0  0  0  2]
 [ 0  0  0 16]]

*********************
AFTER: 
[[ 0  0  0  0]
 [ 0  0  0  2]
 [ 2  0  0  2]
 [ 0  0  0 16]]

TIME TAKEN FOR STEP: 4.67346384076

*********************

BRANCHES: 104
AI SELECT ACTION: d
*********************
BEFORE: 
[[ 0  0  0  0]
 [ 0  0  0  2]
 [ 2  0  0  2]
 [ 0  0  0 16]]

*********************
AFTER: 
[[ 0  0  0  0]
 [ 2  0  0  0]
 [ 0  0  0  4]
 [ 2  0  0 16]]

TIME TAKEN FOR STEP: 4.50292148379

*********************

BRANCHES: 100
AI SELECT ACTION: l
*********************
BEFORE: 
[[ 0  0  0  0]
 [ 2  0  0  0]
 [ 0  0  0  4]
 [ 2  0  0 16]]

*********************
AFTER: 
[[ 0  0  0  0]
 [ 2  0  2  0]
 [ 4  0  0  0]
 [ 2 16  0  0]]

TIME TAKEN FOR STEP: 3.82276450194

*********************

BRANCHES: 92
AI SELECT ACTION: u
*********************
BEFORE: 
[[ 0  0  0  0]
 [ 2  0  2  0]
 [ 4  0  0  0]
 [ 2 16  0  0]]

*********************
AFTER: 
[[ 2 16  2  0]
 [ 4  0  2  0]
 [ 2  0  0  0]
 [ 0  0  0  0]]

TIME TAKEN FOR STEP: 4.20694613882

*********************

BRANCHES: 84
AI SELECT ACTION: r
*********************
BEFORE: 
[[ 2 16  2  0]
 [ 4  0  2  0]
 [ 2  0  0  0]
 [ 0  0  0  0]]

*********************
AFTER: 
[[ 0  2 16  2]
 [ 0  0  4  2]
 [ 0  2  0  2]
 [ 0  0  0  0]]

TIME TAKEN FOR STEP: 3.31457605102

*********************

BRANCHES: 84
AI SELECT ACTION: u
*********************
BEFORE: 
[[ 0  2 16  2]
 [ 0  0  4  2]
 [ 0  2  0  2]
 [ 0  0  0  0]]

*********************
AFTER: 
[[ 0  4 16  4]
 [ 0  0  4  2]
 [ 0  0  0  2]
 [ 0  0  0  0]]

TIME TAKEN FOR STEP: 3.25430301575

*********************

BRANCHES: 66
AI SELECT ACTION: l
*********************
BEFORE: 
[[ 0  4 16  4]
 [ 0  0  4  2]
 [ 0  0  0  2]
 [ 0  0  0  0]]

*********************
AFTER: 
[[ 4 16  4  0]
 [ 4  2  0  0]
 [ 2  2  0  0]
 [ 0  0  0  0]]

TIME TAKEN FOR STEP: 2.74079702977

*********************

BRANCHES: 84
AI SELECT ACTION: l
*********************
BEFORE: 
[[ 4 16  4  0]
 [ 4  2  0  0]
 [ 2  2  0  0]
 [ 0  0  0  0]]

*********************
AFTER: 
[[ 4 16  4  0]
 [ 4  2  0  0]
 [ 4  0  2  0]
 [ 0  0  0  0]]

TIME TAKEN FOR STEP: 3.44965368862

*********************

BRANCHES: 76
AI SELECT ACTION: d
*********************
BEFORE: 
[[ 4 16  4  0]
 [ 4  2  0  0]
 [ 4  0  2  0]
 [ 0  0  0  0]]

*********************
AFTER: 
[[ 0  0  0  0]
 [ 0  0  0  0]
 [ 4 16  4  0]
 [ 8  2  2  4]]

TIME TAKEN FOR STEP: 3.03922966063

*********************

BRANCHES: 60
AI SELECT ACTION: u
*********************
BEFORE: 
[[ 0  0  0  0]
 [ 0  0  0  0]
 [ 4 16  4  0]
 [ 8  2  2  4]]

*********************
AFTER: 
[[ 4 16  4  4]
 [ 8  2  2  0]
 [ 0  0  0  0]
 [ 2  0  0  0]]

TIME TAKEN FOR STEP: 2.26592297554

*********************

BRANCHES: 72
AI SELECT ACTION: r
*********************
BEFORE: 
[[ 4 16  4  4]
 [ 8  2  2  0]
 [ 0  0  0  0]
 [ 2  0  0  0]]

*********************
AFTER: 
[[ 0  4 16  8]
 [ 0  0  8  4]
 [ 0  2  0  0]
 [ 0  0  0  2]]

TIME TAKEN FOR STEP: 2.83722772324

*********************

BRANCHES: 72
AI SELECT ACTION: d
*********************
BEFORE: 
[[ 0  4 16  8]
 [ 0  0  8  4]
 [ 0  2  0  0]
 [ 0  0  0  2]]

*********************
AFTER: 
[[ 0  0  2  0]
 [ 0  0  0  8]
 [ 0  4 16  4]
 [ 0  2  8  2]]

TIME TAKEN FOR STEP: 2.69763294628

*********************

BRANCHES: 64
AI SELECT ACTION: u
*********************
BEFORE: 
[[ 0  0  2  0]
 [ 0  0  0  8]
 [ 0  4 16  4]
 [ 0  2  8  2]]

*********************
AFTER: 
[[ 0  4  2  8]
 [ 0  2 16  4]
 [ 0  0  8  2]
 [ 0  2  0  0]]

TIME TAKEN FOR STEP: 2.47251355853

*********************

BRANCHES: 62
AI SELECT ACTION: u
*********************
BEFORE: 
[[ 0  4  2  8]
 [ 0  2 16  4]
 [ 0  0  8  2]
 [ 0  2  0  0]]

*********************
AFTER: 
[[ 0  4  2  8]
 [ 0  4 16  4]
 [ 0  0  8  2]
 [ 0  0  2  0]]

TIME TAKEN FOR STEP: 2.57076746332

*********************

BRANCHES: 60
AI SELECT ACTION: u
*********************
BEFORE: 
[[ 0  4  2  8]
 [ 0  4 16  4]
 [ 0  0  8  2]
 [ 0  0  2  0]]

*********************
AFTER: 
[[ 0  8  2  8]
 [ 0  0 16  4]
 [ 2  0  8  2]
 [ 0  0  2  0]]

TIME TAKEN FOR STEP: 2.41455716706

*********************

BRANCHES: 56
AI SELECT ACTION: d
*********************
BEFORE: 
[[ 0  8  2  8]
 [ 0  0 16  4]
 [ 2  0  8  2]
 [ 0  0  2  0]]

*********************
AFTER: 
[[ 0  2  2  0]
 [ 0  0 16  8]
 [ 0  0  8  4]
 [ 2  8  2  2]]

TIME TAKEN FOR STEP: 2.01817364399

*********************

BRANCHES: 56
AI SELECT ACTION: l
*********************
BEFORE: 
[[ 0  2  2  0]
 [ 0  0 16  8]
 [ 0  0  8  4]
 [ 2  8  2  2]]

*********************
AFTER: 
[[ 4  0  0  0]
 [16  8  0  0]
 [ 8  4  0  0]
 [ 2  8  4  2]]

TIME TAKEN FOR STEP: 2.00629452349

*********************

BRANCHES: 28
AI SELECT ACTION: u
*********************
BEFORE: 
[[ 4  0  0  0]
 [16  8  0  0]
 [ 8  4  0  0]
 [ 2  8  4  2]]

*********************
AFTER: 
[[ 4  8  4  2]
 [16  4  2  0]
 [ 8  8  0  0]
 [ 2  0  0  0]]

TIME TAKEN FOR STEP: 1.05035460769

*********************

BRANCHES: 40
AI SELECT ACTION: r
*********************
BEFORE: 
[[ 4  8  4  2]
 [16  4  2  0]
 [ 8  8  0  0]
 [ 2  0  0  0]]

*********************
AFTER: 
[[ 4  8  4  2]
 [ 0 16  4  2]
 [ 0  0  2 16]
 [ 0  0  0  2]]

TIME TAKEN FOR STEP: 1.63522776117

*********************

BRANCHES: 44
AI SELECT ACTION: d
*********************
BEFORE: 
[[ 4  8  4  2]
 [ 0 16  4  2]
 [ 0  0  2 16]
 [ 0  0  0  2]]

*********************
AFTER: 
[[ 0  0  0  0]
 [ 2  0  0  4]
 [ 0  8  8 16]
 [ 4 16  2  2]]

TIME TAKEN FOR STEP: 1.61939288446

*********************

BRANCHES: 66
AI SELECT ACTION: r
*********************
BEFORE: 
[[ 0  0  0  0]
 [ 2  0  0  4]
 [ 0  8  8 16]
 [ 4 16  2  2]]

*********************
AFTER: 
[[ 0  0  2  0]
 [ 0  0  2  4]
 [ 0  0 16 16]
 [ 0  4 16  4]]

TIME TAKEN FOR STEP: 2.35075030183

*********************

BRANCHES: 76
AI SELECT ACTION: u
*********************
BEFORE: 
[[ 0  0  2  0]
 [ 0  0  2  4]
 [ 0  0 16 16]
 [ 0  4 16  4]]

*********************
AFTER: 
[[ 0  4  4  4]
 [ 0  0 32 16]
 [ 0  0  0  4]
 [ 2  0  0  0]]

TIME TAKEN FOR STEP: 2.83256283067

*********************

BRANCHES: 76
AI SELECT ACTION: d
*********************
BEFORE: 
[[ 0  4  4  4]
 [ 0  0 32 16]
 [ 0  0  0  4]
 [ 2  0  0  0]]

*********************
AFTER: 
[[ 0  0  0  0]
 [ 0  0  0  4]
 [ 0  2  4 16]
 [ 2  4 32  4]]

TIME TAKEN FOR STEP: 2.55562276

*********************

BRANCHES: 32
AI SELECT ACTION: l
*********************
BEFORE: 
[[ 0  0  0  0]
 [ 0  0  0  4]
 [ 0  2  4 16]
 [ 2  4 32  4]]

*********************
AFTER: 
[[ 0  0  0  0]
 [ 4  0  0  2]
 [ 2  4 16  0]
 [ 2  4 32  4]]

TIME TAKEN FOR STEP: 1.05638285936

*********************

BRANCHES: 66
AI SELECT ACTION: l
*********************
BEFORE: 
[[ 0  0  0  0]
 [ 4  0  0  2]
 [ 2  4 16  0]
 [ 2  4 32  4]]

*********************
AFTER: 
[[ 0  0  0  0]
 [ 4  2  0  0]
 [ 2  4 16  2]
 [ 2  4 32  4]]

TIME TAKEN FOR STEP: 2.33932352737

*********************

BRANCHES: 46
AI SELECT ACTION: u
*********************
BEFORE: 
[[ 0  0  0  0]
 [ 4  2  0  0]
 [ 2  4 16  2]
 [ 2  4 32  4]]

*********************
AFTER: 
[[ 4  2 16  2]
 [ 4  8 32  4]
 [ 2  0  0  0]
 [ 0  0  0  0]]

TIME TAKEN FOR STEP: 1.55200991764

*********************

BRANCHES: 46
AI SELECT ACTION: u
*********************
BEFORE: 
[[ 4  2 16  2]
 [ 4  8 32  4]
 [ 2  0  0  0]
 [ 0  0  0  0]]

*********************
AFTER: 
[[ 8  2 16  2]
 [ 2  8 32  4]
 [ 0  0  0  2]
 [ 0  0  0  0]]

TIME TAKEN FOR STEP: 1.6207131818

*********************

BRANCHES: 28
AI SELECT ACTION: d
*********************
BEFORE: 
[[ 8  2 16  2]
 [ 2  8 32  4]
 [ 0  0  0  2]
 [ 0  0  0  0]]

*********************
AFTER: 
[[ 0  0  0  4]
 [ 0  0  0  2]
 [ 8  2 16  4]
 [ 2  8 32  2]]

TIME TAKEN FOR STEP: 0.872438812791

*********************

BRANCHES: 24
AI SELECT ACTION: l
*********************
BEFORE: 
[[ 0  0  0  4]
 [ 0  0  0  2]
 [ 8  2 16  4]
 [ 2  8 32  2]]

*********************
AFTER: 
[[ 4  0  2  0]
 [ 2  0  0  0]
 [ 8  2 16  4]
 [ 2  8 32  2]]

TIME TAKEN FOR STEP: 0.81121249281

*********************

BRANCHES: 40
AI SELECT ACTION: d
*********************
BEFORE: 
[[ 4  0  2  0]
 [ 2  0  0  0]
 [ 8  2 16  4]
 [ 2  8 32  2]]

*********************
AFTER: 
[[ 4  0  0  0]
 [ 2  0  2  2]
 [ 8  2 16  4]
 [ 2  8 32  2]]

TIME TAKEN FOR STEP: 1.49177520338

*********************

BRANCHES: 28
AI SELECT ACTION: l
*********************
BEFORE: 
[[ 4  0  0  0]
 [ 2  0  2  2]
 [ 8  2 16  4]
 [ 2  8 32  2]]

*********************
AFTER: 
[[ 4  4  0  0]
 [ 4  2  0  0]
 [ 8  2 16  4]
 [ 2  8 32  2]]

TIME TAKEN FOR STEP: 0.954577346827

*********************

BRANCHES: 48
AI SELECT ACTION: u
*********************
BEFORE: 
[[ 4  4  0  0]
 [ 4  2  0  0]
 [ 8  2 16  4]
 [ 2  8 32  2]]

*********************
AFTER: 
[[16  4 16  4]
 [ 2  4 32  2]
 [ 0  8  0  4]
 [ 0  0  0  0]]

TIME TAKEN FOR STEP: 1.5774420365

*********************

BRANCHES: 54
AI SELECT ACTION: u
*********************
BEFORE: 
[[16  4 16  4]
 [ 2  4 32  2]
 [ 0  8  0  4]
 [ 0  0  0  0]]

*********************
AFTER: 
[[16 16 16  4]
 [ 2  0 32  2]
 [ 2  0  0  4]
 [ 0  0  0  0]]

TIME TAKEN FOR STEP: 1.57986811249

*********************

BRANCHES: 64
AI SELECT ACTION: r
*********************
BEFORE: 
[[16 16 16  4]
 [ 2  0 32  2]
 [ 2  0  0  4]
 [ 0  0  0  0]]

*********************
AFTER: 
[[ 2 16 32  4]
 [ 0  2 32  2]
 [ 0  0  2  4]
 [ 0  0  0  0]]

TIME TAKEN FOR STEP: 1.82742860439

*********************

BRANCHES: 46
AI SELECT ACTION: d
*********************
BEFORE: 
[[ 2 16 32  4]
 [ 0  2 32  2]
 [ 0  0  2  4]
 [ 0  0  0  0]]

*********************
AFTER: 
[[ 0  2  0  0]
 [ 0  0  0  4]
 [ 0 16 64  2]
 [ 2  2  2  4]]

TIME TAKEN FOR STEP: 1.52423942656

*********************

BRANCHES: 60
AI SELECT ACTION: l
*********************
BEFORE: 
[[ 0  2  0  0]
 [ 0  0  0  4]
 [ 0 16 64  2]
 [ 2  2  2  4]]

*********************
AFTER: 
[[ 2  0  2  0]
 [ 4  0  0  0]
 [16 64  2  0]
 [ 4  2  4  0]]

TIME TAKEN FOR STEP: 1.90026777305

*********************

BRANCHES: 66
AI SELECT ACTION: l
*********************
BEFORE: 
[[ 2  0  2  0]
 [ 4  0  0  0]
 [16 64  2  0]
 [ 4  2  4  0]]

*********************
AFTER: 
[[ 4  0  0  0]
 [ 4  0  0  0]
 [16 64  2  0]
 [ 4  2  4  2]]

TIME TAKEN FOR STEP: 1.96249794568

*********************

BRANCHES: 46
AI SELECT ACTION: u
*********************
BEFORE: 
[[ 4  0  0  0]
 [ 4  0  0  0]
 [16 64  2  0]
 [ 4  2  4  2]]

*********************
AFTER: 
[[ 8 64  2  2]
 [16  2  4  0]
 [ 4  0  0  0]
 [ 0  0  2  0]]

TIME TAKEN FOR STEP: 1.32444391067

*********************

BRANCHES: 60
AI SELECT ACTION: d
*********************
BEFORE: 
[[ 8 64  2  2]
 [16  2  4  0]
 [ 4  0  0  0]
 [ 0  0  2  0]]

*********************
AFTER: 
[[ 0  0  2  0]
 [ 8  0  2  0]
 [16 64  4  0]
 [ 4  2  2  2]]

TIME TAKEN FOR STEP: 1.77374638913

*********************

BRANCHES: 58
AI SELECT ACTION: u
*********************
BEFORE: 
[[ 0  0  2  0]
 [ 8  0  2  0]
 [16 64  4  0]
 [ 4  2  2  2]]

*********************
AFTER: 
[[ 8 64  8  2]
 [16  2  2  0]
 [ 4  0  0  2]
 [ 0  0  0  0]]

TIME TAKEN FOR STEP: 1.91000881778

*********************

BRANCHES: 64
AI SELECT ACTION: u
*********************
BEFORE: 
[[ 8 64  8  2]
 [16  2  2  0]
 [ 4  0  0  2]
 [ 0  0  0  0]]

*********************
AFTER: 
[[ 8 64  8  4]
 [16  2  2  2]
 [ 4  0  0  0]
 [ 0  0  0  0]]

TIME TAKEN FOR STEP: 1.97304965772

*********************

BRANCHES: 46
AI SELECT ACTION: d
*********************
BEFORE: 
[[ 8 64  8  4]
 [16  2  2  2]
 [ 4  0  0  0]
 [ 0  0  0  0]]

*********************
AFTER: 
[[ 0  0  4  0]
 [ 8  0  0  0]
 [16 64  8  4]
 [ 4  2  2  2]]

TIME TAKEN FOR STEP: 1.30891678729

*********************

BRANCHES: 52
AI SELECT ACTION: l
*********************
BEFORE: 
[[ 0  0  4  0]
 [ 8  0  0  0]
 [16 64  8  4]
 [ 4  2  2  2]]

*********************
AFTER: 
[[ 4  0  0  4]
 [ 8  0  0  0]
 [16 64  8  4]
 [ 4  4  2  0]]

TIME TAKEN FOR STEP: 1.35192047559

*********************

BRANCHES: 60
AI SELECT ACTION: l
*********************
BEFORE: 
[[ 4  0  0  4]
 [ 8  0  0  0]
 [16 64  8  4]
 [ 4  4  2  0]]

*********************
AFTER: 
[[ 8  0  0  0]
 [ 8  0  2  0]
 [16 64  8  4]
 [ 8  2  0  0]]

TIME TAKEN FOR STEP: 1.74022497993

*********************

BRANCHES: 62
AI SELECT ACTION: d
*********************
BEFORE: 
[[ 8  0  0  0]
 [ 8  0  2  0]
 [16 64  8  4]
 [ 8  2  0  0]]

*********************
AFTER: 
[[ 2  0  0  0]
 [16  0  0  0]
 [16 64  2  0]
 [ 8  2  8  4]]

TIME TAKEN FOR STEP: 1.6502725138

*********************

BRANCHES: 46
AI SELECT ACTION: u
*********************
BEFORE: 
[[ 2  0  0  0]
 [16  0  0  0]
 [16 64  2  0]
 [ 8  2  8  4]]

*********************
AFTER: 
[[ 2 64  2  4]
 [32  2  8  2]
 [ 8  0  0  0]
 [ 0  0  0  0]]

TIME TAKEN FOR STEP: 1.34146436856

*********************

BRANCHES: 28
AI SELECT ACTION: r
*********************
BEFORE: 
[[ 2 64  2  4]
 [32  2  8  2]
 [ 8  0  0  0]
 [ 0  0  0  0]]

*********************
AFTER: 
[[ 2 64  2  4]
 [32  2  8  2]
 [ 4  0  0  8]
 [ 0  0  0  0]]

TIME TAKEN FOR STEP: 0.722651435181

*********************

BRANCHES: 36
AI SELECT ACTION: r
*********************
BEFORE: 
[[ 2 64  2  4]
 [32  2  8  2]
 [ 4  0  0  8]
 [ 0  0  0  0]]

*********************
AFTER: 
[[ 2 64  2  4]
 [32  2  8  2]
 [ 0  0  4  8]
 [ 0  0  2  0]]

TIME TAKEN FOR STEP: 0.857321368748

*********************

BRANCHES: 30
AI SELECT ACTION: d
*********************
BEFORE: 
[[ 2 64  2  4]
 [32  2  8  2]
 [ 0  0  4  8]
 [ 0  0  2  0]]

*********************
AFTER: 
[[ 2  0  2  0]
 [ 0  0  8  4]
 [ 2 64  4  2]
 [32  2  2  8]]

TIME TAKEN FOR STEP: 0.891804754019

*********************

BRANCHES: 44
AI SELECT ACTION: l
*********************
BEFORE: 
[[ 2  0  2  0]
 [ 0  0  8  4]
 [ 2 64  4  2]
 [32  2  2  8]]

*********************
AFTER: 
[[ 4  0  0  0]
 [ 8  4  0  0]
 [ 2 64  4  2]
 [32  4  8  2]]

TIME TAKEN FOR STEP: 0.991241474561

*********************

BRANCHES: 34
AI SELECT ACTION: u
*********************
BEFORE: 
[[ 4  0  0  0]
 [ 8  4  0  0]
 [ 2 64  4  2]
 [32  4  8  2]]

*********************
AFTER: 
[[ 4  4  4  4]
 [ 8 64  8  0]
 [ 2  4  0  0]
 [32  2  0  0]]

TIME TAKEN FOR STEP: 0.90341365208

*********************

BRANCHES: 38
AI SELECT ACTION: r
*********************
BEFORE: 
[[ 4  4  4  4]
 [ 8 64  8  0]
 [ 2  4  0  0]
 [32  2  0  0]]

*********************
AFTER: 
[[ 0  2  8  8]
 [ 0  8 64  8]
 [ 0  0  2  4]
 [ 0  0 32  2]]

TIME TAKEN FOR STEP: 1.2148841204

*********************

BRANCHES: 56
AI SELECT ACTION: l
*********************
BEFORE: 
[[ 0  2  8  8]
 [ 0  8 64  8]
 [ 0  0  2  4]
 [ 0  0 32  2]]

*********************
AFTER: 
[[ 2 16  0  2]
 [ 8 64  8  0]
 [ 2  4  0  0]
 [32  2  0  0]]

TIME TAKEN FOR STEP: 1.50882647611

*********************

BRANCHES: 48
AI SELECT ACTION: u
*********************
BEFORE: 
[[ 2 16  0  2]
 [ 8 64  8  0]
 [ 2  4  0  0]
 [32  2  0  0]]

*********************
AFTER: 
[[ 2 16  8  2]
 [ 8 64  0  2]
 [ 2  4  0  0]
 [32  2  0  0]]

TIME TAKEN FOR STEP: 1.07696480155

*********************

BRANCHES: 44
AI SELECT ACTION: d
*********************
BEFORE: 
[[ 2 16  8  2]
 [ 8 64  0  2]
 [ 2  4  0  0]
 [32  2  0  0]]

*********************
AFTER: 
[[ 2 16  0  2]
 [ 8 64  0  0]
 [ 2  4  0  0]
 [32  2  8  4]]

TIME TAKEN FOR STEP: 0.962155426888

*********************

BRANCHES: 40
AI SELECT ACTION: d
*********************
BEFORE: 
[[ 2 16  0  2]
 [ 8 64  0  0]
 [ 2  4  0  0]
 [32  2  8  4]]

*********************
AFTER: 
[[ 2 16  0  2]
 [ 8 64  0  0]
 [ 2  4  0  2]
 [32  2  8  4]]

TIME TAKEN FOR STEP: 0.915128426768

*********************

BRANCHES: 38
AI SELECT ACTION: l
*********************
BEFORE: 
[[ 2 16  0  2]
 [ 8 64  0  0]
 [ 2  4  0  2]
 [32  2  8  4]]

*********************
AFTER: 
[[ 2 16  2  0]
 [ 8 64  4  0]
 [ 2  4  2  0]
 [32  2  8  4]]

TIME TAKEN FOR STEP: 0.858751888397

*********************

BRANCHES: 12
AI SELECT ACTION: r
*********************
BEFORE: 
[[ 2 16  2  0]
 [ 8 64  4  0]
 [ 2  4  2  0]
 [32  2  8  4]]

*********************
AFTER: 
[[ 0  2 16  2]
 [ 2  8 64  4]
 [ 0  2  4  2]
 [32  2  8  4]]

TIME TAKEN FOR STEP: 0.223571534674

*********************

BRANCHES: 16
AI SELECT ACTION: d
*********************
BEFORE: 
[[ 0  2 16  2]
 [ 2  8 64  4]
 [ 0  2  4  2]
 [32  2  8  4]]

*********************
AFTER: 
[[ 2  0 16  2]
 [ 0  2 64  4]
 [ 2  8  4  2]
 [32  4  8  4]]

TIME TAKEN FOR STEP: 0.340320268895

*********************

BRANCHES: 20
AI SELECT ACTION: d
*********************
BEFORE: 
[[ 2  0 16  2]
 [ 0  2 64  4]
 [ 2  8  4  2]
 [32  4  8  4]]

*********************
AFTER: 
[[ 0  2 16  2]
 [ 0  2 64  4]
 [ 4  8  4  2]
 [32  4  8  4]]

TIME TAKEN FOR STEP: 0.312134962675

*********************

BRANCHES: 16
AI SELECT ACTION: d
*********************
BEFORE: 
[[ 0  2 16  2]
 [ 0  2 64  4]
 [ 4  8  4  2]
 [32  4  8  4]]

*********************
AFTER: 
[[ 0  0 16  2]
 [ 2  4 64  4]
 [ 4  8  4  2]
 [32  4  8  4]]

TIME TAKEN FOR STEP: 0.441866620734

*********************

BRANCHES: 8
AI SELECT ACTION: u
*********************
BEFORE: 
[[ 0  0 16  2]
 [ 2  4 64  4]
 [ 4  8  4  2]
 [32  4  8  4]]

*********************
AFTER: 
[[ 2  4 16  2]
 [ 4  8 64  4]
 [32  4  4  2]
 [ 0  2  8  4]]

TIME TAKEN FOR STEP: 0.17404813752

*********************

BRANCHES: 10
AI SELECT ACTION: l
*********************
BEFORE: 
[[ 2  4 16  2]
 [ 4  8 64  4]
 [32  4  4  2]
 [ 0  2  8  4]]

*********************
AFTER: 
[[ 2  4 16  2]
 [ 4  8 64  4]
 [32  8  2  4]
 [ 2  8  4  0]]

TIME TAKEN FOR STEP: 0.182369724341

*********************

BRANCHES: 14
AI SELECT ACTION: u
*********************
BEFORE: 
[[ 2  4 16  2]
 [ 4  8 64  4]
 [32  8  2  4]
 [ 2  8  4  0]]

*********************
AFTER: 
[[ 2  4 16  2]
 [ 4 16 64  8]
 [32  8  2  2]
 [ 2  0  4  0]]

TIME TAKEN FOR STEP: 0.27617365031

*********************

BRANCHES: 16
AI SELECT ACTION: r
*********************
BEFORE: 
[[ 2  4 16  2]
 [ 4 16 64  8]
 [32  8  2  2]
 [ 2  0  4  0]]

*********************
AFTER: 
[[ 2  4 16  2]
 [ 4 16 64  8]
 [ 0 32  8  4]
 [ 4  0  2  4]]

TIME TAKEN FOR STEP: 0.274412858795

*********************

BRANCHES: 26
AI SELECT ACTION: d
*********************
BEFORE: 
[[ 2  4 16  2]
 [ 4 16 64  8]
 [ 0 32  8  4]
 [ 4  0  2  4]]

*********************
AFTER: 
[[ 0  2 16  0]
 [ 0  4 64  0]
 [ 2 16  8  2]
 [ 8 32  2 16]]

TIME TAKEN FOR STEP: 0.471987730953

*********************

BRANCHES: 24
AI SELECT ACTION: l
*********************
BEFORE: 
[[ 0  2 16  0]
 [ 0  4 64  0]
 [ 2 16  8  2]
 [ 8 32  2 16]]

*********************
AFTER: 
[[ 2 16  2  0]
 [ 4 64  0  0]
 [ 2 16  8  2]
 [ 8 32  2 16]]

TIME TAKEN FOR STEP: 0.305044784233

*********************

BRANCHES: 18
AI SELECT ACTION: r
*********************
BEFORE: 
[[ 2 16  2  0]
 [ 4 64  0  0]
 [ 2 16  8  2]
 [ 8 32  2 16]]

*********************
AFTER: 
[[ 0  2 16  2]
 [ 0  2  4 64]
 [ 2 16  8  2]
 [ 8 32  2 16]]

TIME TAKEN FOR STEP: 0.276659971682

*********************

BRANCHES: 16
AI SELECT ACTION: l
*********************
BEFORE: 
[[ 0  2 16  2]
 [ 0  2  4 64]
 [ 2 16  8  2]
 [ 8 32  2 16]]

*********************
AFTER: 
[[ 2 16  2  4]
 [ 2  4 64  0]
 [ 2 16  8  2]
 [ 8 32  2 16]]

TIME TAKEN FOR STEP: 0.251063507013

*********************

BRANCHES: 10
AI SELECT ACTION: d
*********************
BEFORE: 
[[ 2 16  2  4]
 [ 2  4 64  0]
 [ 2 16  8  2]
 [ 8 32  2 16]]

*********************
AFTER: 
[[ 2 16  2  0]
 [ 2  4 64  4]
 [ 4 16  8  2]
 [ 8 32  2 16]]

TIME TAKEN FOR STEP: 0.0601470104865

*********************

BRANCHES: 14
AI SELECT ACTION: d
*********************
BEFORE: 
[[ 2 16  2  0]
 [ 2  4 64  4]
 [ 4 16  8  2]
 [ 8 32  2 16]]

*********************
AFTER: 
[[ 0 16  2  2]
 [ 4  4 64  4]
 [ 4 16  8  2]
 [ 8 32  2 16]]

TIME TAKEN FOR STEP: 0.231996232688

*********************

BRANCHES: 22
AI SELECT ACTION: u
*********************
BEFORE: 
[[ 0 16  2  2]
 [ 4  4 64  4]
 [ 4 16  8  2]
 [ 8 32  2 16]]

*********************
AFTER: 
[[16 16  2  2]
 [ 2  4 64  4]
 [ 0 16  8  2]
 [ 0 32  2 16]]

TIME TAKEN FOR STEP: 0.369061032345

*********************

BRANCHES: 20
AI SELECT ACTION: d
*********************
BEFORE: 
[[16 16  2  2]
 [ 2  4 64  4]
 [ 0 16  8  2]
 [ 0 32  2 16]]

*********************
AFTER: 
[[ 2 16  2  2]
 [ 0  4 64  4]
 [16 16  8  2]
 [ 2 32  2 16]]

TIME TAKEN FOR STEP: 0.328094678988

*********************

BRANCHES: 16
AI SELECT ACTION: l
*********************
BEFORE: 
[[ 2 16  2  2]
 [ 0  4 64  4]
 [16 16  8  2]
 [ 2 32  2 16]]

*********************
AFTER: 
[[ 2 16  4  2]
 [ 4 64  4  0]
 [32  8  2  0]
 [ 2 32  2 16]]

TIME TAKEN FOR STEP: 0.335377252644

*********************

BRANCHES: 20
AI SELECT ACTION: d
*********************
BEFORE: 
[[ 2 16  4  2]
 [ 4 64  4  0]
 [32  8  2  0]
 [ 2 32  2 16]]

*********************
AFTER: 
[[ 2 16  0  0]
 [ 4 64  2  0]
 [32  8  4  2]
 [ 2 32  8 16]]

TIME TAKEN FOR STEP: 0.324535170003

*********************

BRANCHES: 12
AI SELECT ACTION: u
*********************
BEFORE: 
[[ 2 16  0  0]
 [ 4 64  2  0]
 [32  8  4  2]
 [ 2 32  8 16]]

*********************
AFTER: 
[[ 2 16  2  2]
 [ 4 64  4 16]
 [32  8  8  0]
 [ 2 32  0  2]]

TIME TAKEN FOR STEP: 0.29110462507

*********************

BRANCHES: 24
AI SELECT ACTION: l
*********************
BEFORE: 
[[ 2 16  2  2]
 [ 4 64  4 16]
 [32  8  8  0]
 [ 2 32  0  2]]

*********************
AFTER: 
[[ 2 16  4  0]
 [ 4 64  4 16]
 [32 16  0  0]
 [ 2 32  2  2]]

TIME TAKEN FOR STEP: 0.469707432855

*********************

BRANCHES: 32
AI SELECT ACTION: l
*********************
BEFORE: 
[[ 2 16  4  0]
 [ 4 64  4 16]
 [32 16  0  0]
 [ 2 32  2  2]]

*********************
AFTER: 
[[ 2 16  4  2]
 [ 4 64  4 16]
 [32 16  0  0]
 [ 2 32  4  0]]

TIME TAKEN FOR STEP: 0.581726484327

*********************

BRANCHES: 22
AI SELECT ACTION: u
*********************
BEFORE: 
[[ 2 16  4  2]
 [ 4 64  4 16]
 [32 16  0  0]
 [ 2 32  4  0]]

*********************
AFTER: 
[[ 2 16  8  2]
 [ 4 64  4 16]
 [32 16  0  2]
 [ 2 32  0  0]]

TIME TAKEN FOR STEP: 0.33109201469

*********************

BRANCHES: 18
AI SELECT ACTION: l
*********************
BEFORE: 
[[ 2 16  8  2]
 [ 4 64  4 16]
 [32 16  0  2]
 [ 2 32  0  0]]

*********************
AFTER: 
[[ 2 16  8  2]
 [ 4 64  4 16]
 [32 16  2  2]
 [ 2 32  0  0]]

TIME TAKEN FOR STEP: 0.272428857228

*********************

BRANCHES: 16
AI SELECT ACTION: r
*********************
BEFORE: 
[[ 2 16  8  2]
 [ 4 64  4 16]
 [32 16  2  2]
 [ 2 32  0  0]]

*********************
AFTER: 
[[ 2 16  8  2]
 [ 4 64  4 16]
 [ 2 32 16  4]
 [ 0  0  2 32]]

TIME TAKEN FOR STEP: 0.245429527253

*********************

BRANCHES: 8
AI SELECT ACTION: d
*********************
BEFORE: 
[[ 2 16  8  2]
 [ 4 64  4 16]
 [ 2 32 16  4]
 [ 0  0  2 32]]

*********************
AFTER: 
[[ 0  2  8  2]
 [ 2 16  4 16]
 [ 4 64 16  4]
 [ 2 32  2 32]]

TIME TAKEN FOR STEP: 0.0936640740062

*********************

BRANCHES: 4
AI SELECT ACTION: u
*********************
BEFORE: 
[[ 0  2  8  2]
 [ 2 16  4 16]
 [ 4 64 16  4]
 [ 2 32  2 32]]

*********************
AFTER: 
[[ 2  2  8  2]
 [ 4 16  4 16]
 [ 2 64 16  4]
 [ 2 32  2 32]]

TIME TAKEN FOR STEP: 0.0606744183106

*********************

BRANCHES: 10
AI SELECT ACTION: l
*********************
BEFORE: 
[[ 2  2  8  2]
 [ 4 16  4 16]
 [ 2 64 16  4]
 [ 2 32  2 32]]

*********************
AFTER: 
[[ 4  8  2  2]
 [ 4 16  4 16]
 [ 2 64 16  4]
 [ 2 32  2 32]]

TIME TAKEN FOR STEP: 0.0519068064449

*********************

BRANCHES: 12
AI SELECT ACTION: d
*********************
BEFORE: 
[[ 4  8  2  2]
 [ 4 16  4 16]
 [ 2 64 16  4]
 [ 2 32  2 32]]

*********************
AFTER: 
[[ 0  8  2  2]
 [ 2 16  4 16]
 [ 4 64 16  4]
 [ 8 32  2 32]]

TIME TAKEN FOR STEP: 0.199371614318

*********************

BRANCHES: 10
AI SELECT ACTION: r
*********************
BEFORE: 
[[ 0  8  2  2]
 [ 2 16  4 16]
 [ 4 64 16  4]
 [ 8 32  2 32]]

*********************
AFTER: 
[[ 0  2  8  4]
 [ 2 16  4 16]
 [ 4 64 16  4]
 [ 8 32  2 32]]

TIME TAKEN FOR STEP: 0.224934103652

*********************

BRANCHES: 4
AI SELECT ACTION: l
*********************
BEFORE: 
[[ 0  2  8  4]
 [ 2 16  4 16]
 [ 4 64 16  4]
 [ 8 32  2 32]]

*********************
AFTER: 
[[ 2  8  4  2]
 [ 2 16  4 16]
 [ 4 64 16  4]
 [ 8 32  2 32]]

TIME TAKEN FOR STEP: 0.0579141198334

*********************

BRANCHES: 12
AI SELECT ACTION: d
*********************
BEFORE: 
[[ 2  8  4  2]
 [ 2 16  4 16]
 [ 4 64 16  4]
 [ 8 32  2 32]]

*********************
AFTER: 
[[ 2  8  0  2]
 [ 4 16  8 16]
 [ 4 64 16  4]
 [ 8 32  2 32]]

TIME TAKEN FOR STEP: 0.122816492102

*********************

BRANCHES: 14
AI SELECT ACTION: u
*********************
BEFORE: 
[[ 2  8  0  2]
 [ 4 16  8 16]
 [ 4 64 16  4]
 [ 8 32  2 32]]

*********************
AFTER: 
[[ 2  8  8  2]
 [16 16 16 16]
 [ 0 64  2  4]
 [ 2 32  0 32]]

TIME TAKEN FOR STEP: 0.155753209484

*********************

BRANCHES: 32
AI SELECT ACTION: l
*********************
BEFORE: 
[[ 2  8  8  2]
 [16 16 16 16]
 [ 0 64  2  4]
 [ 2 32  0 32]]

*********************
AFTER: 
[[ 2 16  2  0]
 [32 32  0  0]
 [64  2  4  0]
 [ 2 64  2  0]]

TIME TAKEN FOR STEP: 0.593937852

*********************

BRANCHES: 44
AI SELECT ACTION: l
*********************
BEFORE: 
[[ 2 16  2  0]
 [32 32  0  0]
 [64  2  4  0]
 [ 2 64  2  0]]

*********************
AFTER: 
[[ 2 16  2  0]
 [64  0  0  2]
 [64  2  4  0]
 [ 2 64  2  0]]

TIME TAKEN FOR STEP: 0.935327553839

*********************

BRANCHES: 44
AI SELECT ACTION: u
*********************
BEFORE: 
[[ 2 16  2  0]
 [64  0  0  2]
 [64  2  4  0]
 [ 2 64  2  0]]

*********************
AFTER: 
[[  2  16   2   2]
 [128   2   4   0]
 [  2  64   2   0]
 [  2   0   0   0]]

TIME TAKEN FOR STEP: 1.04389534332

*********************

BRANCHES: 48
AI SELECT ACTION: l
*********************
BEFORE: 
[[  2  16   2   2]
 [128   2   4   0]
 [  2  64   2   0]
 [  2   0   0   0]]

*********************
AFTER: 
[[  2  16   4   0]
 [128   2   4   0]
 [  2  64   2   0]
 [  2   4   0   0]]

TIME TAKEN FOR STEP: 1.02734935494

*********************

BRANCHES: 38
AI SELECT ACTION: r
*********************
BEFORE: 
[[  2  16   4   0]
 [128   2   4   0]
 [  2  64   2   0]
 [  2   4   0   0]]

*********************
AFTER: 
[[  0   2  16   4]
 [  0 128   2   4]
 [  0   2  64   2]
 [  0   2   2   4]]

TIME TAKEN FOR STEP: 0.734930358463

*********************

BRANCHES: 46
AI SELECT ACTION: r
*********************
BEFORE: 
[[  0   2  16   4]
 [  0 128   2   4]
 [  0   2  64   2]
 [  0   2   2   4]]

*********************
AFTER: 
[[  0   2  16   4]
 [  0 128   2   4]
 [  2   2  64   2]
 [  0   0   4   4]]

TIME TAKEN FOR STEP: 0.921456530534

*********************

BRANCHES: 44
AI SELECT ACTION: d
*********************
BEFORE: 
[[  0   2  16   4]
 [  0 128   2   4]
 [  2   2  64   2]
 [  0   0   4   4]]

*********************
AFTER: 
[[  2   0  16   0]
 [  0   2   2   8]
 [  0 128  64   2]
 [  2   2   4   4]]

TIME TAKEN FOR STEP: 0.805998068937

*********************

BRANCHES: 48
AI SELECT ACTION: u
*********************
BEFORE: 
[[  2   0  16   0]
 [  0   2   2   8]
 [  0 128  64   2]
 [  2   2   4   4]]

*********************
AFTER: 
[[  4   2  16   8]
 [  0 128   2   2]
 [  0   2  64   4]
 [  0   2   4   0]]

TIME TAKEN FOR STEP: 0.889911221658

*********************

BRANCHES: 40
AI SELECT ACTION: l
*********************
BEFORE: 
[[  4   2  16   8]
 [  0 128   2   2]
 [  0   2  64   4]
 [  0   2   4   0]]

*********************
AFTER: 
[[  4   2  16   8]
 [128   4   0   4]
 [  2  64   4   0]
 [  2   4   0   0]]

TIME TAKEN FOR STEP: 0.755862720682

*********************

BRANCHES: 40
AI SELECT ACTION: d
*********************
BEFORE: 
[[  4   2  16   8]
 [128   4   0   4]
 [  2  64   4   0]
 [  2   4   0   0]]

*********************
AFTER: 
[[  0   2   0   0]
 [  4   4   0   2]
 [128  64  16   8]
 [  4   4   4   4]]

TIME TAKEN FOR STEP: 0.784910052275

*********************

BRANCHES: 36
AI SELECT ACTION: l
*********************
BEFORE: 
[[  0   2   0   0]
 [  4   4   0   2]
 [128  64  16   8]
 [  4   4   4   4]]

*********************
AFTER: 
[[  2   0   0   0]
 [  8   2   0   0]
 [128  64  16   8]
 [  8   8   0   2]]

TIME TAKEN FOR STEP: 0.738254410473

*********************

BRANCHES: 52
AI SELECT ACTION: u
*********************
BEFORE: 
[[  2   0   0   0]
 [  8   2   0   0]
 [128  64  16   8]
 [  8   8   0   2]]

*********************
AFTER: 
[[  2   2  16   8]
 [  8  64   0   2]
 [128   8   2   0]
 [  8   0   0   0]]

TIME TAKEN FOR STEP: 0.954442235609

*********************

BRANCHES: 44
AI SELECT ACTION: d
*********************
BEFORE: 
[[  2   2  16   8]
 [  8  64   0   2]
 [128   8   2   0]
 [  8   0   0   0]]

*********************
AFTER: 
[[  2   0   0   0]
 [  8   2   2   0]
 [128  64  16   8]
 [  8   8   2   2]]

TIME TAKEN FOR STEP: 0.803020881399

*********************

BRANCHES: 36
AI SELECT ACTION: r
*********************
BEFORE: 
[[  2   0   0   0]
 [  8   2   2   0]
 [128  64  16   8]
 [  8   8   2   2]]

*********************
AFTER: 
[[  0   0   2   2]
 [  0   0   8   4]
 [128  64  16   8]
 [  0   0  16   4]]

TIME TAKEN FOR STEP: 0.632651956663

*********************

BRANCHES: 56
AI SELECT ACTION: r
*********************
BEFORE: 
[[  0   0   2   2]
 [  0   0   8   4]
 [128  64  16   8]
 [  0   0  16   4]]

*********************
AFTER: 
[[  0   0   0   4]
 [  0   2   8   4]
 [128  64  16   8]
 [  0   0  16   4]]

TIME TAKEN FOR STEP: 1.09716116319

*********************

BRANCHES: 46
AI SELECT ACTION: l
*********************
BEFORE: 
[[  0   0   0   4]
 [  0   2   8   4]
 [128  64  16   8]
 [  0   0  16   4]]

*********************
AFTER: 
[[  4   2   0   0]
 [  2   8   4   0]
 [128  64  16   8]
 [ 16   4   0   0]]

TIME TAKEN FOR STEP: 0.933823157589

*********************

BRANCHES: 30
AI SELECT ACTION: r
*********************
BEFORE: 
[[  4   2   0   0]
 [  2   8   4   0]
 [128  64  16   8]
 [ 16   4   0   0]]

*********************
AFTER: 
[[  2   0   4   2]
 [  0   2   8   4]
 [128  64  16   8]
 [  0   0  16   4]]

TIME TAKEN FOR STEP: 0.537806647156

*********************

BRANCHES: 36
AI SELECT ACTION: d
*********************
BEFORE: 
[[  2   0   4   2]
 [  0   2   8   4]
 [128  64  16   8]
 [  0   0  16   4]]

*********************
AFTER: 
[[  0   0   0   2]
 [  4   0   4   4]
 [  2   2   8   8]
 [128  64  32   4]]

TIME TAKEN FOR STEP: 1.04079252606

*********************

BRANCHES: 36
AI SELECT ACTION: r
*********************
BEFORE: 
[[  0   0   0   2]
 [  4   0   4   4]
 [  2   2   8   8]
 [128  64  32   4]]

*********************
AFTER: 
[[  0   0   0   2]
 [  2   0   4   8]
 [  0   0   4  16]
 [128  64  32   4]]

TIME TAKEN FOR STEP: 0.818132794574

*********************

BRANCHES: 52
AI SELECT ACTION: r
*********************
BEFORE: 
[[  0   0   0   2]
 [  2   0   4   8]
 [  0   0   4  16]
 [128  64  32   4]]

*********************
AFTER: 
[[  0   0   0   2]
 [  0   2   4   8]
 [  0   2   4  16]
 [128  64  32   4]]

TIME TAKEN FOR STEP: 1.02713760169

*********************

BRANCHES: 38
AI SELECT ACTION: d
*********************
BEFORE: 
[[  0   0   0   2]
 [  0   2   4   8]
 [  0   2   4  16]
 [128  64  32   4]]

*********************
AFTER: 
[[  0   0   0   2]
 [  0   0   0   8]
 [  2   4   8  16]
 [128  64  32   4]]

TIME TAKEN FOR STEP: 0.900652168417

*********************

BRANCHES: 24
AI SELECT ACTION: l
*********************
BEFORE: 
[[  0   0   0   2]
 [  0   0   0   8]
 [  2   4   8  16]
 [128  64  32   4]]

*********************
AFTER: 
[[  2   0   0   2]
 [  8   0   0   0]
 [  2   4   8  16]
 [128  64  32   4]]

TIME TAKEN FOR STEP: 0.717519974337

*********************

BRANCHES: 44
AI SELECT ACTION: l
*********************
BEFORE: 
[[  2   0   0   2]
 [  8   0   0   0]
 [  2   4   8  16]
 [128  64  32   4]]

*********************
AFTER: 
[[  4   0   0   0]
 [  8   0   0   2]
 [  2   4   8  16]
 [128  64  32   4]]

TIME TAKEN FOR STEP: 0.768632311018

*********************

BRANCHES: 30
AI SELECT ACTION: r
*********************
BEFORE: 
[[  4   0   0   0]
 [  8   0   0   2]
 [  2   4   8  16]
 [128  64  32   4]]

*********************
AFTER: 
[[  0   4   0   4]
 [  0   0   8   2]
 [  2   4   8  16]
 [128  64  32   4]]

TIME TAKEN FOR STEP: 0.549869866564

*********************

BRANCHES: 44
AI SELECT ACTION: r
*********************
BEFORE: 
[[  0   4   0   4]
 [  0   0   8   2]
 [  2   4   8  16]
 [128  64  32   4]]

*********************
AFTER: 
[[  2   0   0   8]
 [  0   0   8   2]
 [  2   4   8  16]
 [128  64  32   4]]

TIME TAKEN FOR STEP: 0.974518893447

*********************

BRANCHES: 40
AI SELECT ACTION: l
*********************
BEFORE: 
[[  2   0   0   8]
 [  0   0   8   2]
 [  2   4   8  16]
 [128  64  32   4]]

*********************
AFTER: 
[[  2   8   0   2]
 [  8   2   0   0]
 [  2   4   8  16]
 [128  64  32   4]]

TIME TAKEN FOR STEP: 0.697606872183

*********************

BRANCHES: 24
AI SELECT ACTION: r
*********************
BEFORE: 
[[  2   8   0   2]
 [  8   2   0   0]
 [  2   4   8  16]
 [128  64  32   4]]

*********************
AFTER: 
[[  0   2   8   2]
 [  2   0   8   2]
 [  2   4   8  16]
 [128  64  32   4]]

TIME TAKEN FOR STEP: 0.398164067685

*********************

BRANCHES: 28
AI SELECT ACTION: d
*********************
BEFORE: 
[[  0   2   8   2]
 [  2   0   8   2]
 [  2   4   8  16]
 [128  64  32   4]]

*********************
AFTER: 
[[  0   0   0   0]
 [  2   2   8   4]
 [  4   4  16  16]
 [128  64  32   4]]

TIME TAKEN FOR STEP: 0.545967838789

*********************

BRANCHES: 36
AI SELECT ACTION: l
*********************
BEFORE: 
[[  0   0   0   0]
 [  2   2   8   4]
 [  4   4  16  16]
 [128  64  32   4]]

*********************
AFTER: 
[[  0   0   0   2]
 [  4   8   4   0]
 [  8  32   0   0]
 [128  64  32   4]]

TIME TAKEN FOR STEP: 0.763620553972

*********************

BRANCHES: 48
AI SELECT ACTION: l
*********************
BEFORE: 
[[  0   0   0   2]
 [  4   8   4   0]
 [  8  32   0   0]
 [128  64  32   4]]

*********************
AFTER: 
[[  2   2   0   0]
 [  4   8   4   0]
 [  8  32   0   0]
 [128  64  32   4]]

TIME TAKEN FOR STEP: 0.923595001359

*********************

BRANCHES: 44
AI SELECT ACTION: l
*********************
BEFORE: 
[[  2   2   0   0]
 [  4   8   4   0]
 [  8  32   0   0]
 [128  64  32   4]]

*********************
AFTER: 
[[  4   0   0   2]
 [  4   8   4   0]
 [  8  32   0   0]
 [128  64  32   4]]

TIME TAKEN FOR STEP: 1.06601328673

*********************

BRANCHES: 46
AI SELECT ACTION: u
*********************
BEFORE: 
[[  4   0   0   2]
 [  4   8   4   0]
 [  8  32   0   0]
 [128  64  32   4]]

*********************
AFTER: 
[[ 16   8   4   2]
 [128  32  32   4]
 [  0  64   2   0]
 [  0   0   0   0]]

TIME TAKEN FOR STEP: 0.962811624938

*********************

BRANCHES: 40
AI SELECT ACTION: d
*********************
BEFORE: 
[[ 16   8   4   2]
 [128  32  32   4]
 [  0  64   2   0]
 [  0   0   0   0]]

*********************
AFTER: 
[[  0   0   0   0]
 [  2   8   4   0]
 [ 16  32  32   2]
 [128  64   2   4]]

TIME TAKEN FOR STEP: 0.987050656435

*********************

BRANCHES: 34
AI SELECT ACTION: l
*********************
BEFORE: 
[[  0   0   0   0]
 [  2   8   4   0]
 [ 16  32  32   2]
 [128  64   2   4]]

*********************
AFTER: 
[[  0   0   0   0]
 [  2   8   4   2]
 [ 16  64   2   0]
 [128  64   2   4]]

TIME TAKEN FOR STEP: 0.715529651777

*********************

BRANCHES: 40
AI SELECT ACTION: u
*********************
BEFORE: 
[[  0   0   0   0]
 [  2   8   4   2]
 [ 16  64   2   0]
 [128  64   2   4]]

*********************
AFTER: 
[[  2   8   4   2]
 [ 16 128   4   4]
 [128   0   0   0]
 [  0   0   0   2]]

TIME TAKEN FOR STEP: 0.842221307434

*********************

BRANCHES: 56
AI SELECT ACTION: d
*********************
BEFORE: 
[[  2   8   4   2]
 [ 16 128   4   4]
 [128   0   0   0]
 [  0   0   0   2]]

*********************
AFTER: 
[[  0   0   4   0]
 [  2   0   0   2]
 [ 16   8   0   4]
 [128 128   8   2]]

TIME TAKEN FOR STEP: 1.32854070403

*********************

BRANCHES: 56
AI SELECT ACTION: l
*********************
BEFORE: 
[[  0   0   4   0]
 [  2   0   0   2]
 [ 16   8   0   4]
 [128 128   8   2]]

*********************
AFTER: 
[[  4   0   0   0]
 [  4   0   0   0]
 [ 16   8   4   0]
 [256   8   2   2]]

TIME TAKEN FOR STEP: 1.38968643136

*********************

BRANCHES: 68
AI SELECT ACTION: u
*********************
BEFORE: 
[[  4   0   0   0]
 [  4   0   0   0]
 [ 16   8   4   0]
 [256   8   2   2]]

*********************
AFTER: 
[[  8  16   4   2]
 [ 16   0   2   2]
 [256   0   0   0]
 [  0   0   0   0]]

TIME TAKEN FOR STEP: 1.56182049329

*********************

BRANCHES: 72
AI SELECT ACTION: l
*********************
BEFORE: 
[[  8  16   4   2]
 [ 16   0   2   2]
 [256   0   0   0]
 [  0   0   0   0]]

*********************
AFTER: 
[[  8  16   4   2]
 [ 16   4   0   2]
 [256   0   0   0]
 [  0   0   0   0]]

TIME TAKEN FOR STEP: 1.68241634166

*********************

BRANCHES: 68
AI SELECT ACTION: u
*********************
BEFORE: 
[[  8  16   4   2]
 [ 16   4   0   2]
 [256   0   0   0]
 [  0   0   0   0]]

*********************
AFTER: 
[[  8  16   4   4]
 [ 16   4   2   0]
 [256   0   0   0]
 [  0   0   0   0]]

TIME TAKEN FOR STEP: 1.63308375947

*********************

BRANCHES: 52
AI SELECT ACTION: l
*********************
BEFORE: 
[[  8  16   4   4]
 [ 16   4   2   0]
 [256   0   0   0]
 [  0   0   0   0]]

*********************
AFTER: 
[[  8  16   8   0]
 [ 16   4   2   0]
 [256   0   0   2]
 [  0   0   0   0]]

TIME TAKEN FOR STEP: 1.24480809466

*********************

BRANCHES: 64
AI SELECT ACTION: l
*********************
BEFORE: 
[[  8  16   8   0]
 [ 16   4   2   0]
 [256   0   0   2]
 [  0   0   0   0]]

*********************
AFTER: 
[[  8  16   8   0]
 [ 16   4   2   0]
 [256   2   0   0]
 [  0   0   2   0]]

TIME TAKEN FOR STEP: 1.42940004298

*********************

BRANCHES: 60
AI SELECT ACTION: r
*********************
BEFORE: 
[[  8  16   8   0]
 [ 16   4   2   0]
 [256   2   0   0]
 [  0   0   2   0]]

*********************
AFTER: 
[[  0   8  16   8]
 [  2  16   4   2]
 [  0   0 256   2]
 [  0   0   0   2]]

TIME TAKEN FOR STEP: 1.37691881633

*********************

BRANCHES: 40
AI SELECT ACTION: d
*********************
BEFORE: 
[[  0   8  16   8]
 [  2  16   4   2]
 [  0   0 256   2]
 [  0   0   0   2]]

*********************
AFTER: 
[[  2   0   0   0]
 [  0   0  16   8]
 [  0   8   4   2]
 [  2  16 256   4]]

TIME TAKEN FOR STEP: 0.900060760542

*********************

BRANCHES: 52
AI SELECT ACTION: l
*********************
BEFORE: 
[[  2   0   0   0]
 [  0   0  16   8]
 [  0   8   4   2]
 [  2  16 256   4]]

*********************
AFTER: 
[[  2   0   0   0]
 [ 16   8   2   0]
 [  8   4   2   0]
 [  2  16 256   4]]

TIME TAKEN FOR STEP: 1.11170142159

*********************

BRANCHES: 34
AI SELECT ACTION: d
*********************
BEFORE: 
[[  2   0   0   0]
 [ 16   8   2   0]
 [  8   4   2   0]
 [  2  16 256   4]]

*********************
AFTER: 
[[  2   0   0   2]
 [ 16   8   0   0]
 [  8   4   4   0]
 [  2  16 256   4]]

TIME TAKEN FOR STEP: 0.7397465598

*********************

BRANCHES: 50
AI SELECT ACTION: r
*********************
BEFORE: 
[[  2   0   0   2]
 [ 16   8   0   0]
 [  8   4   4   0]
 [  2  16 256   4]]

*********************
AFTER: 
[[  0   0   0   4]
 [  0   0  16   8]
 [  0   0   2  16]
 [  2  16 256   4]]

TIME TAKEN FOR STEP: 1.00371516343

*********************

BRANCHES: 28
AI SELECT ACTION: u
*********************
BEFORE: 
[[  0   0   0   4]
 [  0   0  16   8]
 [  0   0   2  16]
 [  2  16 256   4]]

*********************
AFTER: 
[[  2  16  16   4]
 [  0   2   2   8]
 [  0   0 256  16]
 [  0   0   0   4]]

TIME TAKEN FOR STEP: 0.53525375625

*********************

BRANCHES: 44
AI SELECT ACTION: r
*********************
BEFORE: 
[[  2  16  16   4]
 [  0   2   2   8]
 [  0   0 256  16]
 [  0   0   0   4]]

*********************
AFTER: 
[[  0   2  32   4]
 [  0   0   4   8]
 [  0   2 256  16]
 [  0   0   0   4]]

TIME TAKEN FOR STEP: 0.908669557467

*********************

BRANCHES: 46
AI SELECT ACTION: d
*********************
BEFORE: 
[[  0   2  32   4]
 [  0   0   4   8]
 [  0   2 256  16]
 [  0   0   0   4]]

*********************
AFTER: 
[[  0   0   0   4]
 [  0   0  32   8]
 [  2   0   4  16]
 [  0   4 256   4]]

TIME TAKEN FOR STEP: 1.0732654406

*********************

BRANCHES: 56
AI SELECT ACTION: u
*********************
BEFORE: 
[[  0   0   0   4]
 [  0   0  32   8]
 [  2   0   4  16]
 [  0   4 256   4]]

*********************
AFTER: 
[[  2   4  32   4]
 [  2   0   4   8]
 [  0   0 256  16]
 [  0   0   0   4]]

TIME TAKEN FOR STEP: 1.16044615146

*********************

BRANCHES: 52
AI SELECT ACTION: l
*********************
BEFORE: 
[[  2   4  32   4]
 [  2   0   4   8]
 [  0   0 256  16]
 [  0   0   0   4]]

*********************
AFTER: 
[[  2   4  32   4]
 [  2   4   8   0]
 [256  16   2   0]
 [  4   0   0   0]]

TIME TAKEN FOR STEP: 1.09291345613

*********************

BRANCHES: 38
AI SELECT ACTION: d
*********************
BEFORE: 
[[  2   4  32   4]
 [  2   4   8   0]
 [256  16   2   0]
 [  4   0   0   0]]

*********************
AFTER: 
[[  0   2   0   0]
 [  4   0  32   0]
 [256   8   8   0]
 [  4  16   2   4]]

TIME TAKEN FOR STEP: 0.806062464049

*********************

BRANCHES: 52
AI SELECT ACTION: d
*********************
BEFORE: 
[[  0   2   0   0]
 [  4   0  32   0]
 [256   8   8   0]
 [  4  16   2   4]]

*********************
AFTER: 
[[  0   0   0   0]
 [  4   2  32   2]
 [256   8   8   0]
 [  4  16   2   4]]

TIME TAKEN FOR STEP: 1.00377047211

*********************

BRANCHES: 44
AI SELECT ACTION: u
*********************
BEFORE: 
[[  0   0   0   0]
 [  4   2  32   2]
 [256   8   8   0]
 [  4  16   2   4]]

*********************
AFTER: 
[[  4   2  32   2]
 [256   8   8   4]
 [  4  16   2   0]
 [  2   0   0   0]]

TIME TAKEN FOR STEP: 0.883120500243

*********************

BRANCHES: 28
AI SELECT ACTION: r
*********************
BEFORE: 
[[  4   2  32   2]
 [256   8   8   4]
 [  4  16   2   0]
 [  2   0   0   0]]

*********************
AFTER: 
[[  4   2  32   2]
 [  0 256  16   4]
 [  0   4  16   2]
 [  2   0   0   2]]

TIME TAKEN FOR STEP: 0.570547808828

*********************

BRANCHES: 48
AI SELECT ACTION: r
*********************
BEFORE: 
[[  4   2  32   2]
 [  0 256  16   4]
 [  0   4  16   2]
 [  2   0   0   2]]

*********************
AFTER: 
[[  4   2  32   2]
 [  0 256  16   4]
 [  0   4  16   2]
 [  0   2   0   4]]

TIME TAKEN FOR STEP: 0.951013097097

*********************

BRANCHES: 38
AI SELECT ACTION: d
*********************
BEFORE: 
[[  4   2  32   2]
 [  0 256  16   4]
 [  0   4  16   2]
 [  0   2   0   4]]

*********************
AFTER: 
[[  0   2   0   2]
 [  0 256   2   4]
 [  0   4   0   2]
 [  4   2  64   4]]

TIME TAKEN FOR STEP: 0.897194585438

*********************

BRANCHES: 44
AI SELECT ACTION: l
*********************
BEFORE: 
[[  0   2   0   2]
 [  0 256   2   4]
 [  0   4   0   2]
 [  4   2  64   4]]

*********************
AFTER: 
[[  4   0   2   0]
 [256   2   4   0]
 [  4   2   0   0]
 [  4   2  64   4]]

TIME TAKEN FOR STEP: 0.851112178657

*********************

BRANCHES: 48
AI SELECT ACTION: r
*********************
BEFORE: 
[[  4   0   2   0]
 [256   2   4   0]
 [  4   2   0   0]
 [  4   2  64   4]]

*********************
AFTER: 
[[  0   2   4   2]
 [  0 256   2   4]
 [  0   0   4   2]
 [  4   2  64   4]]

TIME TAKEN FOR STEP: 1.20320371611

*********************

BRANCHES: 24
AI SELECT ACTION: l
*********************
BEFORE: 
[[  0   2   4   2]
 [  0 256   2   4]
 [  0   0   4   2]
 [  4   2  64   4]]

*********************
AFTER: 
[[  2   4   2   0]
 [256   2   4   0]
 [  4   2   2   0]
 [  4   2  64   4]]

TIME TAKEN FOR STEP: 0.450697837588

*********************

BRANCHES: 38
AI SELECT ACTION: u
*********************
BEFORE: 
[[  2   4   2   0]
 [256   2   4   0]
 [  4   2   2   0]
 [  4   2  64   4]]

*********************
AFTER: 
[[  2   4   2   4]
 [256   4   4   0]
 [  8   2   2   0]
 [  0   0  64   2]]

TIME TAKEN FOR STEP: 0.698891613939

*********************

BRANCHES: 44
AI SELECT ACTION: l
*********************
BEFORE: 
[[  2   4   2   4]
 [256   4   4   0]
 [  8   2   2   0]
 [  0   0  64   2]]

*********************
AFTER: 
[[  2   4   2   4]
 [256   8   2   0]
 [  8   4   0   0]
 [ 64   2   0   0]]

TIME TAKEN FOR STEP: 0.887973442349

*********************

BRANCHES: 34
AI SELECT ACTION: r
*********************
BEFORE: 
[[  2   4   2   4]
 [256   8   2   0]
 [  8   4   0   0]
 [ 64   2   0   0]]

*********************
AFTER: 
[[  2   4   2   4]
 [  0 256   8   2]
 [  2   0   8   4]
 [  0   0  64   2]]

TIME TAKEN FOR STEP: 0.669216923826

*********************

BRANCHES: 40
AI SELECT ACTION: d
*********************
BEFORE: 
[[  2   4   2   4]
 [  0 256   8   2]
 [  2   0   8   4]
 [  0   0  64   2]]

*********************
AFTER: 
[[  4   0   0   4]
 [  0   0   2   2]
 [  0   4  16   4]
 [  4 256  64   2]]

TIME TAKEN FOR STEP: 0.778101158006

*********************

BRANCHES: 52
AI SELECT ACTION: d
*********************
BEFORE: 
[[  4   0   0   4]
 [  0   0   2   2]
 [  0   4  16   4]
 [  4 256  64   2]]

*********************
AFTER: 
[[  0   0   2   4]
 [  0   0   2   2]
 [  0   4  16   4]
 [  8 256  64   2]]

TIME TAKEN FOR STEP: 0.98103623193

*********************

BRANCHES: 48
AI SELECT ACTION: d
*********************
BEFORE: 
[[  0   0   2   4]
 [  0   0   2   2]
 [  0   4  16   4]
 [  8 256  64   2]]

*********************
AFTER: 
[[  0   2   0   4]
 [  0   0   4   2]
 [  0   4  16   4]
 [  8 256  64   2]]

TIME TAKEN FOR STEP: 0.793283392224

*********************

BRANCHES: 40
AI SELECT ACTION: r
*********************
BEFORE: 
[[  0   2   0   4]
 [  0   0   4   2]
 [  0   4  16   4]
 [  8 256  64   2]]

*********************
AFTER: 
[[  0   2   2   4]
 [  0   0   4   2]
 [  0   4  16   4]
 [  8 256  64   2]]

TIME TAKEN FOR STEP: 0.717404221159

*********************

BRANCHES: 38
AI SELECT ACTION: l
*********************
BEFORE: 
[[  0   2   2   4]
 [  0   0   4   2]
 [  0   4  16   4]
 [  8 256  64   2]]

*********************
AFTER: 
[[  8   0   2   0]
 [  4   2   0   0]
 [  4  16   4   0]
 [  8 256  64   2]]

TIME TAKEN FOR STEP: 0.622534812867

*********************

BRANCHES: 48
AI SELECT ACTION: r
*********************
BEFORE: 
[[  8   0   2   0]
 [  4   2   0   0]
 [  4  16   4   0]
 [  8 256  64   2]]

*********************
AFTER: 
[[  0   0   8   2]
 [  0   2   4   2]
 [  0   4  16   4]
 [  8 256  64   2]]

TIME TAKEN FOR STEP: 0.798304235697

*********************

BRANCHES: 30
AI SELECT ACTION: l
*********************
BEFORE: 
[[  0   0   8   2]
 [  0   2   4   2]
 [  0   4  16   4]
 [  8 256  64   2]]

*********************
AFTER: 
[[  8   2   0   0]
 [  2   4   2   2]
 [  4  16   4   0]
 [  8 256  64   2]]

TIME TAKEN FOR STEP: 0.531628271904

*********************

BRANCHES: 34
AI SELECT ACTION: l
*********************
BEFORE: 
[[  8   2   0   0]
 [  2   4   2   2]
 [  4  16   4   0]
 [  8 256  64   2]]

*********************
AFTER: 
[[  8   2   2   0]
 [  2   4   4   0]
 [  4  16   4   0]
 [  8 256  64   2]]

TIME TAKEN FOR STEP: 0.642752507854

*********************

BRANCHES: 36
AI SELECT ACTION: u
*********************
BEFORE: 
[[  8   2   2   0]
 [  2   4   4   0]
 [  4  16   4   0]
 [  8 256  64   2]]

*********************
AFTER: 
[[  8   2   2   2]
 [  2   4   8   0]
 [  4  16  64   0]
 [  8 256   0   2]]

TIME TAKEN FOR STEP: 0.690137039121

*********************

BRANCHES: 32
AI SELECT ACTION: d
*********************
BEFORE: 
[[  8   2   2   2]
 [  2   4   8   0]
 [  4  16  64   0]
 [  8 256   0   2]]

*********************
AFTER: 
[[  8   2   0   2]
 [  2   4   2   0]
 [  4  16   8   0]
 [  8 256  64   4]]

TIME TAKEN FOR STEP: 0.509673094063

*********************

BRANCHES: 28
AI SELECT ACTION: u
*********************
BEFORE: 
[[  8   2   0   2]
 [  2   4   2   0]
 [  4  16   8   0]
 [  8 256  64   4]]

*********************
AFTER: 
[[  8   2   2   2]
 [  2   4   8   4]
 [  4  16  64   0]
 [  8 256   2   0]]

TIME TAKEN FOR STEP: 0.513364158708

*********************

BRANCHES: 16
AI SELECT ACTION: l
*********************
BEFORE: 
[[  8   2   2   2]
 [  2   4   8   4]
 [  4  16  64   0]
 [  8 256   2   0]]

*********************
AFTER: 
[[  8   4   2   0]
 [  2   4   8   4]
 [  4  16  64   0]
 [  8 256   2   2]]

TIME TAKEN FOR STEP: 0.229203539124

*********************

BRANCHES: 24
AI SELECT ACTION: d
*********************
BEFORE: 
[[  8   4   2   0]
 [  2   4   8   4]
 [  4  16  64   0]
 [  8 256   2   2]]

*********************
AFTER: 
[[  8   0   2   2]
 [  2   8   8   0]
 [  4  16  64   4]
 [  8 256   2   2]]

TIME TAKEN FOR STEP: 0.352492525426

*********************

BRANCHES: 28
AI SELECT ACTION: d
*********************
BEFORE: 
[[  8   0   2   2]
 [  2   8   8   0]
 [  4  16  64   4]
 [  8 256   2   2]]

*********************
AFTER: 
[[  8   0   2   2]
 [  2   8   8   2]
 [  4  16  64   4]
 [  8 256   2   2]]

TIME TAKEN FOR STEP: 0.489060732097

*********************

BRANCHES: 26
AI SELECT ACTION: r
*********************
BEFORE: 
[[  8   0   2   2]
 [  2   8   8   2]
 [  4  16  64   4]
 [  8 256   2   2]]

*********************
AFTER: 
[[  0   2   8   4]
 [  0   2  16   2]
 [  4  16  64   4]
 [  0   8 256   4]]

TIME TAKEN FOR STEP: 0.361987446509

*********************

BRANCHES: 26
AI SELECT ACTION: u
*********************
BEFORE: 
[[  0   2   8   4]
 [  0   2  16   2]
 [  4  16  64   4]
 [  0   8 256   4]]

*********************
AFTER: 
[[  4   4   8   4]
 [  0  16  16   2]
 [  0   8  64   8]
 [  0   0 256   2]]

TIME TAKEN FOR STEP: 0.333601053709

*********************

BRANCHES: 34
AI SELECT ACTION: l
*********************
BEFORE: 
[[  4   4   8   4]
 [  0  16  16   2]
 [  0   8  64   8]
 [  0   0 256   2]]

*********************
AFTER: 
[[ 16   4   2   0]
 [ 32   2   0   0]
 [  8  64   8   0]
 [256   2   0   0]]

TIME TAKEN FOR STEP: 0.586999772444

*********************

BRANCHES: 36
AI SELECT ACTION: u
*********************
BEFORE: 
[[ 16   4   2   0]
 [ 32   2   0   0]
 [  8  64   8   0]
 [256   2   0   0]]

*********************
AFTER: 
[[ 16   4   2   0]
 [ 32   2   8   0]
 [  8  64   2   0]
 [256   2   0   0]]

TIME TAKEN FOR STEP: 0.578328160654

*********************

BRANCHES: 20
AI SELECT ACTION: r
*********************
BEFORE: 
[[ 16   4   2   0]
 [ 32   2   8   0]
 [  8  64   2   0]
 [256   2   0   0]]

*********************
AFTER: 
[[  2  16   4   2]
 [  0  32   2   8]
 [  0   8  64   2]
 [  0   0 256   2]]

TIME TAKEN FOR STEP: 0.322809143948

*********************

BRANCHES: 28
AI SELECT ACTION: u
*********************
BEFORE: 
[[  2  16   4   2]
 [  0  32   2   8]
 [  0   8  64   2]
 [  0   0 256   2]]

*********************
AFTER: 
[[  2  16   4   2]
 [  0  32   2   8]
 [  2   8  64   4]
 [  0   0 256   0]]

TIME TAKEN FOR STEP: 0.461908908175

*********************

BRANCHES: 36
AI SELECT ACTION: r
*********************
BEFORE: 
[[  2  16   4   2]
 [  0  32   2   8]
 [  2   8  64   4]
 [  0   0 256   0]]

*********************
AFTER: 
[[  2  16   4   2]
 [  0  32   2   8]
 [  2   8  64   4]
 [  0   0   2 256]]

TIME TAKEN FOR STEP: 0.462061797185

*********************

BRANCHES: 22
AI SELECT ACTION: l
*********************
BEFORE: 
[[  2  16   4   2]
 [  0  32   2   8]
 [  2   8  64   4]
 [  0   0   2 256]]

*********************
AFTER: 
[[  2  16   4   2]
 [ 32   2   8   0]
 [  2   8  64   4]
 [  2 256   0   2]]

TIME TAKEN FOR STEP: 0.220983878308

*********************

BRANCHES: 20
AI SELECT ACTION: l
*********************
BEFORE: 
[[  2  16   4   2]
 [ 32   2   8   0]
 [  2   8  64   4]
 [  2 256   0   2]]

*********************
AFTER: 
[[  2  16   4   2]
 [ 32   2   8   0]
 [  2   8  64   4]
 [  2 256   2   2]]

TIME TAKEN FOR STEP: 0.235699149194

*********************

BRANCHES: 16
AI SELECT ACTION: d
*********************
BEFORE: 
[[  2  16   4   2]
 [ 32   2   8   0]
 [  2   8  64   4]
 [  2 256   2   2]]

*********************
AFTER: 
[[  0  16   4   2]
 [  2   2   8   2]
 [ 32   8  64   4]
 [  4 256   2   2]]

TIME TAKEN FOR STEP: 0.195754426275

*********************

BRANCHES: 22
AI SELECT ACTION: u
*********************
BEFORE: 
[[  0  16   4   2]
 [  2   2   8   2]
 [ 32   8  64   4]
 [  4 256   2   2]]

*********************
AFTER: 
[[  2  16   4   8]
 [ 32   2   8   2]
 [  4   8  64   0]
 [  0 256   2   2]]

TIME TAKEN FOR STEP: 0.233270702831

*********************

BRANCHES: 24
AI SELECT ACTION: l
*********************
BEFORE: 
[[  2  16   4   8]
 [ 32   2   8   2]
 [  4   8  64   0]
 [  0 256   2   2]]

*********************
AFTER: 
[[  2  16   4   8]
 [ 32   2   8   2]
 [  4   8  64   0]
 [256   4   0   2]]

TIME TAKEN FOR STEP: 0.228023883871

*********************

BRANCHES: 20
AI SELECT ACTION: u
*********************
BEFORE: 
[[  2  16   4   8]
 [ 32   2   8   2]
 [  4   8  64   0]
 [256   4   0   2]]

*********************
AFTER: 
[[  2  16   4   8]
 [ 32   2   8   4]
 [  4   8  64   2]
 [256   4   0   0]]

TIME TAKEN FOR STEP: 0.200446578131

*********************

BRANCHES: 8
AI SELECT ACTION: d
*********************
BEFORE: 
[[  2  16   4   8]
 [ 32   2   8   4]
 [  4   8  64   2]
 [256   4   0   0]]

*********************
AFTER: 
[[  2  16   2   0]
 [ 32   2   4   8]
 [  4   8   8   4]
 [256   4  64   2]]

TIME TAKEN FOR STEP: 0.105651836564

*********************

BRANCHES: 10
AI SELECT ACTION: r
*********************
BEFORE: 
[[  2  16   2   0]
 [ 32   2   4   8]
 [  4   8   8   4]
 [256   4  64   2]]

*********************
AFTER: 
[[  0   2  16   2]
 [ 32   2   4   8]
 [  2   4  16   4]
 [256   4  64   2]]

TIME TAKEN FOR STEP: 0.131502326125

*********************

BRANCHES: 14
AI SELECT ACTION: d
*********************
BEFORE: 
[[  0   2  16   2]
 [ 32   2   4   8]
 [  2   4  16   4]
 [256   4  64   2]]

*********************
AFTER: 
[[  0   0  16   2]
 [ 32   2   4   8]
 [  2   4  16   4]
 [256   8  64   2]]

TIME TAKEN FOR STEP: 0.158855236626

*********************

BRANCHES: 8
AI SELECT ACTION: u
*********************
BEFORE: 
[[  0   0  16   2]
 [ 32   2   4   8]
 [  2   4  16   4]
 [256   8  64   2]]

*********************
AFTER: 
[[ 32   2  16   2]
 [  2   4   4   8]
 [256   8  16   4]
 [  0   2  64   2]]

TIME TAKEN FOR STEP: 0.0919190849731

*********************

BRANCHES: 12
AI SELECT ACTION: r
*********************
BEFORE: 
[[ 32   2  16   2]
 [  2   4   4   8]
 [256   8  16   4]
 [  0   2  64   2]]

*********************
AFTER: 
[[ 32   2  16   2]
 [  0   2   8   8]
 [256   8  16   4]
 [  2   2  64   2]]

TIME TAKEN FOR STEP: 0.233809962517

*********************

BRANCHES: 20
AI SELECT ACTION: l
*********************
BEFORE: 
[[ 32   2  16   2]
 [  0   2   8   8]
 [256   8  16   4]
 [  2   2  64   2]]

*********************
AFTER: 
[[ 32   2  16   2]
 [  2  16   0   2]
 [256   8  16   4]
 [  4  64   2   0]]

TIME TAKEN FOR STEP: 0.187861481767

*********************

BRANCHES: 26
AI SELECT ACTION: d
*********************
BEFORE: 
[[ 32   2  16   2]
 [  2  16   0   2]
 [256   8  16   4]
 [  4  64   2   0]]

*********************
AFTER: 
[[ 32   2   0   0]
 [  2  16   2   0]
 [256   8  32   4]
 [  4  64   2   4]]

TIME TAKEN FOR STEP: 0.366584783474

*********************

BRANCHES: 22
AI SELECT ACTION: r
*********************
BEFORE: 
[[ 32   2   0   0]
 [  2  16   2   0]
 [256   8  32   4]
 [  4  64   2   4]]

*********************
AFTER: 
[[  0   2  32   2]
 [  0   2  16   2]
 [256   8  32   4]
 [  4  64   2   4]]

TIME TAKEN FOR STEP: 0.317218621012

*********************

BRANCHES: 24
AI SELECT ACTION: u
*********************
BEFORE: 
[[  0   2  32   2]
 [  0   2  16   2]
 [256   8  32   4]
 [  4  64   2   4]]

*********************
AFTER: 
[[256   4  32   8]
 [  4   8  16   4]
 [  2  64  32   0]
 [  0   0   2   0]]

TIME TAKEN FOR STEP: 0.266060852196

*********************

BRANCHES: 24
AI SELECT ACTION: r
*********************
BEFORE: 
[[256   4  32   8]
 [  4   8  16   4]
 [  2  64  32   0]
 [  0   0   2   0]]

*********************
AFTER: 
[[256   4  32   8]
 [  4   8  16   4]
 [  2   2  64  32]
 [  0   0   0   2]]

TIME TAKEN FOR STEP: 0.298139099764

*********************

BRANCHES: 22
AI SELECT ACTION: r
*********************
BEFORE: 
[[256   4  32   8]
 [  4   8  16   4]
 [  2   2  64  32]
 [  0   0   0   2]]

*********************
AFTER: 
[[256   4  32   8]
 [  4   8  16   4]
 [  0   4  64  32]
 [  0   0   4   2]]

TIME TAKEN FOR STEP: 0.284064224446

*********************

BRANCHES: 12
AI SELECT ACTION: d
*********************
BEFORE: 
[[256   4  32   8]
 [  4   8  16   4]
 [  0   4  64  32]
 [  0   0   4   2]]

*********************
AFTER: 
[[  0   0  32   8]
 [  2   4  16   4]
 [256   8  64  32]
 [  4   4   4   2]]

TIME TAKEN FOR STEP: 0.1012792899

*********************

BRANCHES: 16
AI SELECT ACTION: u
*********************
BEFORE: 
[[  0   0  32   8]
 [  2   4  16   4]
 [256   8  64  32]
 [  4   4   4   2]]

*********************
AFTER: 
[[  2   4  32   8]
 [256   8  16   4]
 [  4   4  64  32]
 [  0   2   4   2]]

TIME TAKEN FOR STEP: 0.155977999785

*********************

BRANCHES: 10
AI SELECT ACTION: r
*********************
BEFORE: 
[[  2   4  32   8]
 [256   8  16   4]
 [  4   4  64  32]
 [  0   2   4   2]]

*********************
AFTER: 
[[  2   4  32   8]
 [256   8  16   4]
 [  4   8  64  32]
 [  0   2   4   2]]

TIME TAKEN FOR STEP: 0.126181235501

*********************

BRANCHES: 10
AI SELECT ACTION: u
*********************
BEFORE: 
[[  2   4  32   8]
 [256   8  16   4]
 [  4   8  64  32]
 [  0   2   4   2]]

*********************
AFTER: 
[[  2   4  32   8]
 [256  16  16   4]
 [  4   2  64  32]
 [  4   0   4   2]]

TIME TAKEN FOR STEP: 0.0948634823613

*********************

BRANCHES: 20
AI SELECT ACTION: r
*********************
BEFORE: 
[[  2   4  32   8]
 [256  16  16   4]
 [  4   2  64  32]
 [  4   0   4   2]]

*********************
AFTER: 
[[  2   4  32   8]
 [  0 256  32   4]
 [  4   2  64  32]
 [  0   2   8   2]]

TIME TAKEN FOR STEP: 0.192500695309

*********************

BRANCHES: 22
AI SELECT ACTION: d
*********************
BEFORE: 
[[  2   4  32   8]
 [  0 256  32   4]
 [  4   2  64  32]
 [  0   2   8   2]]

*********************
AFTER: 
[[  0   2   0   8]
 [  0   4  64   4]
 [  2 256  64  32]
 [  4   4   8   2]]

TIME TAKEN FOR STEP: 0.28001681384

*********************

BRANCHES: 34
AI SELECT ACTION: r
*********************
BEFORE: 
[[  0   2   0   8]
 [  0   4  64   4]
 [  2 256  64  32]
 [  4   4   8   2]]

*********************
AFTER: 
[[  0   0   2   8]
 [  0   4  64   4]
 [  2 256  64  32]
 [  4   8   8   2]]

TIME TAKEN FOR STEP: 0.406802889326

*********************

BRANCHES: 32
AI SELECT ACTION: l
*********************
BEFORE: 
[[  0   0   2   8]
 [  0   4  64   4]
 [  2 256  64  32]
 [  4   8   8   2]]

*********************
AFTER: 
[[  2   8   0   2]
 [  4  64   4   0]
 [  2 256  64  32]
 [  4  16   2   0]]

TIME TAKEN FOR STEP: 0.310730122058

*********************

BRANCHES: 24
AI SELECT ACTION: l
*********************
BEFORE: 
[[  2   8   0   2]
 [  4  64   4   0]
 [  2 256  64  32]
 [  4  16   2   0]]

*********************
AFTER: 
[[  2   8   2   2]
 [  4  64   4   0]
 [  2 256  64  32]
 [  4  16   2   0]]

TIME TAKEN FOR STEP: 0.203259024797

*********************

BRANCHES: 20
AI SELECT ACTION: l
*********************
BEFORE: 
[[  2   8   2   2]
 [  4  64   4   0]
 [  2 256  64  32]
 [  4  16   2   0]]

*********************
AFTER: 
[[  2   8   4   0]
 [  4  64   4   0]
 [  2 256  64  32]
 [  4  16   2   2]]

TIME TAKEN FOR STEP: 0.22599286992

*********************

BRANCHES: 24
AI SELECT ACTION: u
*********************
BEFORE: 
[[  2   8   4   0]
 [  4  64   4   0]
 [  2 256  64  32]
 [  4  16   2   2]]

*********************
AFTER: 
[[  2   8   8  32]
 [  4  64  64   2]
 [  2 256   2   0]
 [  4  16   0   2]]

TIME TAKEN FOR STEP: 0.250206617447

*********************

BRANCHES: 28
AI SELECT ACTION: u
*********************
BEFORE: 
[[  2   8   8  32]
 [  4  64  64   2]
 [  2 256   2   0]
 [  4  16   0   2]]

*********************
AFTER: 
[[  2   8   8  32]
 [  4  64  64   4]
 [  2 256   2   0]
 [  4  16   0   2]]

TIME TAKEN FOR STEP: 0.288886746775

*********************

BRANCHES: 24
AI SELECT ACTION: r
*********************
BEFORE: 
[[  2   8   8  32]
 [  4  64  64   4]
 [  2 256   2   0]
 [  4  16   0   2]]

*********************
AFTER: 
[[  0   2  16  32]
 [  0   4 128   4]
 [  0   2 256   2]
 [  2   4  16   2]]

TIME TAKEN FOR STEP: 0.280405159826

*********************

BRANCHES: 24
AI SELECT ACTION: u
*********************
BEFORE: 
[[  0   2  16  32]
 [  0   4 128   4]
 [  0   2 256   2]
 [  2   4  16   2]]

*********************
AFTER: 
[[  2   2  16  32]
 [  0   4 128   4]
 [  2   2 256   4]
 [  0   4  16   0]]

TIME TAKEN FOR STEP: 0.245389230925

*********************

BRANCHES: 40
AI SELECT ACTION: l
*********************
BEFORE: 
[[  2   2  16  32]
 [  0   4 128   4]
 [  2   2 256   4]
 [  0   4  16   0]]

*********************
AFTER: 
[[  4  16  32   0]
 [  4 128   4   2]
 [  4 256   4   0]
 [  4  16   0   0]]

TIME TAKEN FOR STEP: 0.509479118601

*********************

BRANCHES: 36
AI SELECT ACTION: d
*********************
BEFORE: 
[[  4  16  32   0]
 [  4 128   4   2]
 [  4 256   4   0]
 [  4  16   0   0]]

*********************
AFTER: 
[[  0  16   0   0]
 [  4 128   0   0]
 [  8 256  32   0]
 [  8  16   8   2]]

TIME TAKEN FOR STEP: 0.543901664317

*********************

BRANCHES: 52
AI SELECT ACTION: d
*********************
BEFORE: 
[[  0  16   0   0]
 [  4 128   0   0]
 [  8 256  32   0]
 [  8  16   8   2]]

*********************
AFTER: 
[[  0  16   0   0]
 [  2 128   0   0]
 [  4 256  32   0]
 [ 16  16   8   2]]

TIME TAKEN FOR STEP: 0.526231329368

*********************

BRANCHES: 40
AI SELECT ACTION: r
*********************
BEFORE: 
[[  0  16   0   0]
 [  2 128   0   0]
 [  4 256  32   0]
 [ 16  16   8   2]]

*********************
AFTER: 
[[  0   0   0  16]
 [  0   2   2 128]
 [  0   4 256  32]
 [  0  32   8   2]]

TIME TAKEN FOR STEP: 0.462685600147

*********************

BRANCHES: 40
AI SELECT ACTION: l
*********************
BEFORE: 
[[  0   0   0  16]
 [  0   2   2 128]
 [  0   4 256  32]
 [  0  32   8   2]]

*********************
AFTER: 
[[ 16   0   0   2]
 [  4 128   0   0]
 [  4 256  32   0]
 [ 32   8   2   0]]

TIME TAKEN FOR STEP: 0.40331488657

*********************

BRANCHES: 52
AI SELECT ACTION: u
*********************
BEFORE: 
[[ 16   0   0   2]
 [  4 128   0   0]
 [  4 256  32   0]
 [ 32   8   2   0]]

*********************
AFTER: 
[[ 16 128  32   2]
 [  8 256   2   2]
 [ 32   8   0   0]
 [  0   0   0   0]]

TIME TAKEN FOR STEP: 0.496963553156

*********************

BRANCHES: 56
AI SELECT ACTION: r
*********************
BEFORE: 
[[ 16 128  32   2]
 [  8 256   2   2]
 [ 32   8   0   0]
 [  0   0   0   0]]

*********************
AFTER: 
[[ 16 128  32   2]
 [  0   8 256   4]
 [  0   0  32   8]
 [  0   2   0   0]]

TIME TAKEN FOR STEP: 0.683201724999

*********************

BRANCHES: 48
AI SELECT ACTION: l
*********************
BEFORE: 
[[ 16 128  32   2]
 [  0   8 256   4]
 [  0   0  32   8]
 [  0   2   0   0]]

*********************
AFTER: 
[[ 16 128  32   2]
 [  8 256   4   0]
 [ 32   8   2   0]
 [  2   0   0   0]]

TIME TAKEN FOR STEP: 0.463542884775

*********************

BRANCHES: 20
AI SELECT ACTION: d
*********************
BEFORE: 
[[ 16 128  32   2]
 [  8 256   4   0]
 [ 32   8   2   0]
 [  2   0   0   0]]

*********************
AFTER: 
[[ 16   0   0   0]
 [  8 128  32   2]
 [ 32 256   4   0]
 [  2   8   2   2]]

TIME TAKEN FOR STEP: 0.256046819593

*********************

BRANCHES: 40
AI SELECT ACTION: d
*********************
BEFORE: 
[[ 16   0   0   0]
 [  8 128  32   2]
 [ 32 256   4   0]
 [  2   8   2   2]]

*********************
AFTER: 
[[ 16   0   0   0]
 [  8 128  32   0]
 [ 32 256   4   2]
 [  2   8   2   4]]

TIME TAKEN FOR STEP: 0.385076847468

*********************

BRANCHES: 16
AI SELECT ACTION: u
*********************
BEFORE: 
[[ 16   0   0   0]
 [  8 128  32   0]
 [ 32 256   4   2]
 [  2   8   2   4]]

*********************
AFTER: 
[[ 16 128  32   2]
 [  8 256   4   4]
 [ 32   8   2   0]
 [  2   2   0   0]]

TIME TAKEN FOR STEP: 0.148570586525

*********************

BRANCHES: 26
AI SELECT ACTION: d
*********************
BEFORE: 
[[ 16 128  32   2]
 [  8 256   4   4]
 [ 32   8   2   0]
 [  2   2   0   0]]

*********************
AFTER: 
[[ 16 128   0   0]
 [  8 256  32   2]
 [ 32   8   4   2]
 [  2   2   2   4]]

TIME TAKEN FOR STEP: 0.215029108171

*********************

BRANCHES: 26
AI SELECT ACTION: l
*********************
BEFORE: 
[[ 16 128   0   0]
 [  8 256  32   2]
 [ 32   8   4   2]
 [  2   2   2   4]]

*********************
AFTER: 
[[ 16 128   2   0]
 [  8 256  32   2]
 [ 32   8   4   2]
 [  4   2   4   0]]

TIME TAKEN FOR STEP: 0.226645907473

*********************

BRANCHES: 20
AI SELECT ACTION: u
*********************
BEFORE: 
[[ 16 128   2   0]
 [  8 256  32   2]
 [ 32   8   4   2]
 [  4   2   4   0]]

*********************
AFTER: 
[[ 16 128   2   4]
 [  8 256  32   0]
 [ 32   8   8   0]
 [  4   2   0   2]]

TIME TAKEN FOR STEP: 0.266962778835

*********************

BRANCHES: 34
AI SELECT ACTION: r
*********************
BEFORE: 
[[ 16 128   2   4]
 [  8 256  32   0]
 [ 32   8   8   0]
 [  4   2   0   2]]

*********************
AFTER: 
[[ 16 128   2   4]
 [  0   8 256  32]
 [  0   0  32  16]
 [  0   0   2   8]]

TIME TAKEN FOR STEP: 0.288478252625

*********************

BRANCHES: 20
AI SELECT ACTION: l
*********************
BEFORE: 
[[ 16 128   2   4]
 [  0   8 256  32]
 [  0   0  32  16]
 [  0   0   2   8]]

*********************
AFTER: 
[[ 16 128   2   4]
 [  8 256  32   0]
 [ 32  16   2   0]
 [  2   8   0   0]]

TIME TAKEN FOR STEP: 0.161210596512

*********************

BRANCHES: 16
AI SELECT ACTION: d
*********************
BEFORE: 
[[ 16 128   2   4]
 [  8 256  32   0]
 [ 32  16   2   0]
 [  2   8   0   0]]

*********************
AFTER: 
[[ 16 128   0   2]
 [  8 256   2   0]
 [ 32  16  32   0]
 [  2   8   2   4]]

TIME TAKEN FOR STEP: 0.108670110554

*********************

BRANCHES: 24
AI SELECT ACTION: u
*********************
BEFORE: 
[[ 16 128   0   2]
 [  8 256   2   0]
 [ 32  16  32   0]
 [  2   8   2   4]]

*********************
AFTER: 
[[ 16 128   2   2]
 [  8 256  32   4]
 [ 32  16   2   0]
 [  2   8   0   2]]

TIME TAKEN FOR STEP: 0.186885283465

*********************

BRANCHES: 20
AI SELECT ACTION: l
*********************
BEFORE: 
[[ 16 128   2   2]
 [  8 256  32   4]
 [ 32  16   2   0]
 [  2   8   0   2]]

*********************
AFTER: 
[[ 16 128   4   0]
 [  8 256  32   4]
 [ 32  16   2   0]
 [  2   8   2   2]]

TIME TAKEN FOR STEP: 0.221174298212

*********************

BRANCHES: 24
AI SELECT ACTION: u
*********************
BEFORE: 
[[ 16 128   4   0]
 [  8 256  32   4]
 [ 32  16   2   0]
 [  2   8   2   2]]

*********************
AFTER: 
[[ 16 128   4   4]
 [  8 256  32   2]
 [ 32  16   4   0]
 [  2   8   0   2]]

TIME TAKEN FOR STEP: 0.14425018805

*********************

BRANCHES: 26
AI SELECT ACTION: d
*********************
BEFORE: 
[[ 16 128   4   4]
 [  8 256  32   2]
 [ 32  16   4   0]
 [  2   8   0   2]]

*********************
AFTER: 
[[ 16 128   0   2]
 [  8 256   4   0]
 [ 32  16  32   0]
 [  2   8   4   8]]

TIME TAKEN FOR STEP: 0.150425797867

*********************

BRANCHES: 24
AI SELECT ACTION: u
*********************
BEFORE: 
[[ 16 128   0   2]
 [  8 256   4   0]
 [ 32  16  32   0]
 [  2   8   4   8]]

*********************
AFTER: 
[[ 16 128   4   2]
 [  8 256  32   8]
 [ 32  16   4   0]
 [  2   8   2   0]]

TIME TAKEN FOR STEP: 0.186259505193

*********************

BRANCHES: 8
AI SELECT ACTION: r
*********************
BEFORE: 
[[ 16 128   4   2]
 [  8 256  32   8]
 [ 32  16   4   0]
 [  2   8   2   0]]

*********************
AFTER: 
[[ 16 128   4   2]
 [  8 256  32   8]
 [  0  32  16   4]
 [  2   2   8   2]]

TIME TAKEN FOR STEP: 0.0338390390827

*********************

BRANCHES: 12
AI SELECT ACTION: r
*********************
BEFORE: 
[[ 16 128   4   2]
 [  8 256  32   8]
 [  0  32  16   4]
 [  2   2   8   2]]

*********************
AFTER: 
[[ 16 128   4   2]
 [  8 256  32   8]
 [  0  32  16   4]
 [  2   4   8   2]]

TIME TAKEN FOR STEP: 0.0528794491887

*********************

BRANCHES: 6
AI SELECT ACTION: u
*********************
BEFORE: 
[[ 16 128   4   2]
 [  8 256  32   8]
 [  0  32  16   4]
 [  2   4   8   2]]

*********************
AFTER: 
[[ 16 128   4   2]
 [  8 256  32   8]
 [  2  32  16   4]
 [  2   4   8   2]]

TIME TAKEN FOR STEP: 0.0474046794309

*********************

BRANCHES: 4
AI SELECT ACTION: d
*********************
BEFORE: 
[[ 16 128   4   2]
 [  8 256  32   8]
 [  2  32  16   4]
 [  2   4   8   2]]

*********************
AFTER: 
[[  2 128   4   2]
 [ 16 256  32   8]
 [  8  32  16   4]
 [  4   4   8   2]]

TIME TAKEN FOR STEP: 0.0162939388001

*********************

BRANCHES: 6
AI SELECT ACTION: r
*********************
BEFORE: 
[[  2 128   4   2]
 [ 16 256  32   8]
 [  8  32  16   4]
 [  4   4   8   2]]

*********************
AFTER: 
[[  2 128   4   2]
 [ 16 256  32   8]
 [  8  32  16   4]
 [  2   8   8   2]]

TIME TAKEN FOR STEP: 0.0222447583168

*********************

BRANCHES: 4
AI SELECT ACTION: r
*********************
BEFORE: 
[[  2 128   4   2]
 [ 16 256  32   8]
 [  8  32  16   4]
 [  2   8   8   2]]

*********************
AFTER: 
[[  2 128   4   2]
 [ 16 256  32   8]
 [  8  32  16   4]
 [  2   2  16   2]]

TIME TAKEN FOR STEP: 0.0293930108784

*********************

BRANCHES: 10
AI SELECT ACTION: l
*********************
BEFORE: 
[[  2 128   4   2]
 [ 16 256  32   8]
 [  8  32  16   4]
 [  2   2  16   2]]

*********************
AFTER: 
[[  2 128   4   2]
 [ 16 256  32   8]
 [  8  32  16   4]
 [  4  16   2   4]]

TIME TAKEN FOR STEP: 0.100185758171

*********************

BRANCHES: 6
AI SELECT ACTION: u
*********************
BEFORE: 
[[  2 128   4   2]
 [ 16 256  32   8]
 [  8  32  16   4]
 [  4  16   2   4]]

*********************
AFTER: 
[[  2 128   4   2]
 [ 16 256  32   8]
 [  8  32  16   8]
 [  4  16   2   4]]

TIME TAKEN FOR STEP: 0.0228432773083

*********************

BRANCHES: 4
AI SELECT ACTION: d
*********************
BEFORE: 
[[  2 128   4   2]
 [ 16 256  32   8]
 [  8  32  16   8]
 [  4  16   2   4]]

*********************
AFTER: 
[[  2 128   4   2]
 [ 16 256  32   2]
 [  8  32  16  16]
 [  4  16   2   4]]

TIME TAKEN FOR STEP: 0.0341701010727

*********************

BRANCHES: 10
AI SELECT ACTION: l
*********************
BEFORE: 
[[  2 128   4   2]
 [ 16 256  32   2]
 [  8  32  16  16]
 [  4  16   2   4]]

*********************
AFTER: 
[[  2 128   4   2]
 [ 16 256  32   2]
 [  8  32  32   2]
 [  4  16   2   4]]

TIME TAKEN FOR STEP: 0.0391534136521

*********************

BRANCHES: 12
AI SELECT ACTION: l
*********************
BEFORE: 
[[  2 128   4   2]
 [ 16 256  32   2]
 [  8  32  32   2]
 [  4  16   2   4]]

*********************
AFTER: 
[[  2 128   4   2]
 [ 16 256  32   2]
 [  8  64   2   2]
 [  4  16   2   4]]

TIME TAKEN FOR STEP: 0.0755706276113

*********************

BRANCHES: 12
AI SELECT ACTION: l
*********************
BEFORE: 
[[  2 128   4   2]
 [ 16 256  32   2]
 [  8  64   2   2]
 [  4  16   2   4]]

*********************
AFTER: 
[[  2 128   4   2]
 [ 16 256  32   2]
 [  8  64   4   2]
 [  4  16   2   4]]

TIME TAKEN FOR STEP: 0.0928814561039

*********************

BRANCHES: 4
AI SELECT ACTION: d
*********************
BEFORE: 
[[  2 128   4   2]
 [ 16 256  32   2]
 [  8  64   4   2]
 [  4  16   2   4]]

*********************
AFTER: 
[[  2 128   4   2]
 [ 16 256  32   2]
 [  8  64   4   4]
 [  4  16   2   4]]

TIME TAKEN FOR STEP: 0.0124926518461

*********************

BRANCHES: 12
AI SELECT ACTION: d
*********************
BEFORE: 
[[  2 128   4   2]
 [ 16 256  32   2]
 [  8  64   4   4]
 [  4  16   2   4]]

*********************
AFTER: 
[[  2 128   4   2]
 [ 16 256  32   0]
 [  8  64   4   4]
 [  4  16   2   8]]

TIME TAKEN FOR STEP: 0.0649027673306

*********************

BRANCHES: 12
AI SELECT ACTION: r
*********************
BEFORE: 
[[  2 128   4   2]
 [ 16 256  32   0]
 [  8  64   4   4]
 [  4  16   2   8]]

*********************
AFTER: 
[[  2 128   4   2]
 [  4  16 256  32]
 [  0   8  64   8]
 [  4  16   2   8]]

TIME TAKEN FOR STEP: 0.0508081389101

*********************

BRANCHES: 14
AI SELECT ACTION: d
*********************
BEFORE: 
[[  2 128   4   2]
 [  4  16 256  32]
 [  0   8  64   8]
 [  4  16   2   8]]

*********************
AFTER: 
[[  2 128   4   0]
 [  0  16 256   2]
 [  2   8  64  32]
 [  8  16   2  16]]

TIME TAKEN FOR STEP: 0.0598305657921

*********************

BRANCHES: 20
AI SELECT ACTION: d
*********************
BEFORE: 
[[  2 128   4   0]
 [  0  16 256   2]
 [  2   8  64  32]
 [  8  16   2  16]]

*********************
AFTER: 
[[  0 128   4   0]
 [  2  16 256   2]
 [  4   8  64  32]
 [  8  16   2  16]]

TIME TAKEN FOR STEP: 0.0723216373899

*********************

BRANCHES: 12
AI SELECT ACTION: l
*********************
BEFORE: 
[[  0 128   4   0]
 [  2  16 256   2]
 [  4   8  64  32]
 [  8  16   2  16]]

*********************
AFTER: 
[[128   4   0   2]
 [  2  16 256   2]
 [  4   8  64  32]
 [  8  16   2  16]]

TIME TAKEN FOR STEP: 0.0441240842462

*********************

BRANCHES: 12
AI SELECT ACTION: u
*********************
BEFORE: 
[[128   4   0   2]
 [  2  16 256   2]
 [  4   8  64  32]
 [  8  16   2  16]]

*********************
AFTER: 
[[128   4 256   4]
 [  2  16  64  32]
 [  4   8   2  16]
 [  8  16   2   0]]

TIME TAKEN FOR STEP: 0.0236424878163

*********************

BRANCHES: 10
AI SELECT ACTION: d
*********************
BEFORE: 
[[128   4 256   4]
 [  2  16  64  32]
 [  4   8   2  16]
 [  8  16   2   0]]

*********************
AFTER: 
[[128   4   0   2]
 [  2  16 256   4]
 [  4   8  64  32]
 [  8  16   4  16]]

TIME TAKEN FOR STEP: 0.0348962251032

*********************

BRANCHES: 6
AI SELECT ACTION: l
*********************
BEFORE: 
[[128   4   0   2]
 [  2  16 256   4]
 [  4   8  64  32]
 [  8  16   4  16]]

*********************
AFTER: 
[[128   4   2   2]
 [  2  16 256   4]
 [  4   8  64  32]
 [  8  16   4  16]]

TIME TAKEN FOR STEP: 0.00791783341654

*********************

BRANCHES: 6
AI SELECT ACTION: r
*********************
BEFORE: 
[[128   4   2   2]
 [  2  16 256   4]
 [  4   8  64  32]
 [  8  16   4  16]]

*********************
AFTER: 
[[  2   0 128   8]
 [  2  16 256   4]
 [  4   8  64  32]
 [  8  16   4  16]]

TIME TAKEN FOR STEP: 0.0179733475345

*********************

BRANCHES: 16
AI SELECT ACTION: u
*********************
BEFORE: 
[[  2   0 128   8]
 [  2  16 256   4]
 [  4   8  64  32]
 [  8  16   4  16]]

*********************
AFTER: 
[[ 16  16 128   8]
 [  0   8 256   4]
 [  0  16  64  32]
 [  2   0   4  16]]

TIME TAKEN FOR STEP: 0.0713940317187

*********************

BRANCHES: 28
AI SELECT ACTION: r
*********************
BEFORE: 
[[ 16  16 128   8]
 [  0   8 256   4]
 [  0  16  64  32]
 [  2   0   4  16]]

*********************
AFTER: 
[[  0  32 128   8]
 [  0   8 256   4]
 [  2  16  64  32]
 [  0   2   4  16]]

TIME TAKEN FOR STEP: 0.163786005954

*********************

BRANCHES: 18
AI SELECT ACTION: d
*********************
BEFORE: 
[[  0  32 128   8]
 [  0   8 256   4]
 [  2  16  64  32]
 [  0   2   4  16]]

*********************
AFTER: 
[[  0  32 128   8]
 [  0   8 256   4]
 [  4  16  64  32]
 [  2   2   4  16]]

TIME TAKEN FOR STEP: 0.101649858094

*********************

BRANCHES: 18
AI SELECT ACTION: u
*********************
BEFORE: 
[[  0  32 128   8]
 [  0   8 256   4]
 [  4  16  64  32]
 [  2   2   4  16]]

*********************
AFTER: 
[[  4  32 128   8]
 [  2   8 256   4]
 [  2  16  64  32]
 [  0   2   4  16]]

TIME TAKEN FOR STEP: 0.0761004058077

*********************

BRANCHES: 12
AI SELECT ACTION: u
*********************
BEFORE: 
[[  4  32 128   8]
 [  2   8 256   4]
 [  2  16  64  32]
 [  0   2   4  16]]

*********************
AFTER: 
[[  4  32 128   8]
 [  4   8 256   4]
 [  2  16  64  32]
 [  0   2   4  16]]

TIME TAKEN FOR STEP: 0.114392189149

*********************

BRANCHES: 10
AI SELECT ACTION: d
*********************
BEFORE: 
[[  4  32 128   8]
 [  4   8 256   4]
 [  2  16  64  32]
 [  0   2   4  16]]

*********************
AFTER: 
[[  2  32 128   8]
 [  0   8 256   4]
 [  8  16  64  32]
 [  2   2   4  16]]

TIME TAKEN FOR STEP: 0.0367585475623

*********************

BRANCHES: 14
AI SELECT ACTION: r
*********************
BEFORE: 
[[  2  32 128   8]
 [  0   8 256   4]
 [  8  16  64  32]
 [  2   2   4  16]]

*********************
AFTER: 
[[  2  32 128   8]
 [  0   8 256   4]
 [  8  16  64  32]
 [  2   4   4  16]]

TIME TAKEN FOR STEP: 0.0742716636221

*********************

BRANCHES: 12
AI SELECT ACTION: r
*********************
BEFORE: 
[[  2  32 128   8]
 [  0   8 256   4]
 [  8  16  64  32]
 [  2   4   4  16]]

*********************
AFTER: 
[[  2  32 128   8]
 [  2   8 256   4]
 [  8  16  64  32]
 [  0   2   8  16]]

TIME TAKEN FOR STEP: 0.065228693514

*********************

BRANCHES: 10
AI SELECT ACTION: d
*********************
BEFORE: 
[[  2  32 128   8]
 [  2   8 256   4]
 [  8  16  64  32]
 [  0   2   8  16]]

*********************
AFTER: 
[[  0  32 128   8]
 [  2   8 256   4]
 [  4  16  64  32]
 [  8   2   8  16]]

TIME TAKEN FOR STEP: 0.0463222094398

*********************

BRANCHES: 4
AI SELECT ACTION: l
*********************
BEFORE: 
[[  0  32 128   8]
 [  2   8 256   4]
 [  4  16  64  32]
 [  8   2   8  16]]

*********************
AFTER: 
[[ 32 128   8   2]
 [  2   8 256   4]
 [  4  16  64  32]
 [  8   2   8  16]]

TIME TAKEN FOR STEP: 0.00299101470895

FINISHED: 
[[ 32 128   8   2]
 [  2   8 256   4]
 [  4  16  64  32]
 [  8   2   8  16]]

IS WIN?: 
False

IS LOSE?: 
True

