STARTIG BOARD: 
[[0 2 0 0]
 [0 0 0 0]
 [0 0 2 0]
 [0 0 0 0]]

*********************

BRANCHES: 112
AI SELECT ACTION: r
*********************
BEFORE: 
[[0 2 0 0]
 [0 0 0 0]
 [0 0 2 0]
 [0 0 0 0]]

*********************
AFTER: 
[[0 0 0 2]
 [0 0 0 0]
 [0 0 0 2]
 [0 2 0 0]]

TIME TAKEN FOR STEP: 90.0026125442

*********************

BRANCHES: 108
AI SELECT ACTION: r
*********************
BEFORE: 
[[0 0 0 2]
 [0 0 0 0]
 [0 0 0 2]
 [0 2 0 0]]

*********************
AFTER: 
[[0 0 0 2]
 [0 0 0 0]
 [0 0 0 2]
 [0 2 0 2]]

TIME TAKEN FOR STEP: 90.0023802479

*********************

BRANCHES: 104
AI SELECT ACTION: r
*********************
BEFORE: 
[[0 0 0 2]
 [0 0 0 0]
 [0 0 0 2]
 [0 2 0 2]]

*********************
AFTER: 
[[0 0 0 2]
 [0 0 0 2]
 [0 0 0 2]
 [0 0 0 4]]

TIME TAKEN FOR STEP: 90.0022585688

*********************

BRANCHES: 76
AI SELECT ACTION: l
*********************
BEFORE: 
[[0 0 0 2]
 [0 0 0 2]
 [0 0 0 2]
 [0 0 0 4]]

*********************
AFTER: 
[[2 0 0 0]
 [2 0 0 0]
 [2 0 0 0]
 [4 0 0 2]]

TIME TAKEN FOR STEP: 90.0016197537

*********************

BRANCHES: 92
AI SELECT ACTION: d
*********************
BEFORE: 
[[2 0 0 0]
 [2 0 0 0]
 [2 0 0 0]
 [4 0 0 2]]

*********************
AFTER: 
[[0 0 0 0]
 [2 0 0 2]
 [4 0 0 0]
 [4 0 0 2]]

TIME TAKEN FOR STEP: 90.002093828

*********************

BRANCHES: 100
AI SELECT ACTION: u
*********************
BEFORE: 
[[0 0 0 0]
 [2 0 0 2]
 [4 0 0 0]
 [4 0 0 2]]

*********************
AFTER: 
[[2 0 0 4]
 [8 0 0 0]
 [0 0 2 0]
 [0 0 0 0]]

TIME TAKEN FOR STEP: 90.0023280997

*********************

BRANCHES: 96
AI SELECT ACTION: r
*********************
BEFORE: 
[[2 0 0 4]
 [8 0 0 0]
 [0 0 2 0]
 [0 0 0 0]]

*********************
AFTER: 
[[0 0 2 4]
 [0 2 0 8]
 [0 0 0 2]
 [0 0 0 0]]

TIME TAKEN FOR STEP: 90.0015952599

*********************

BRANCHES: 88
AI SELECT ACTION: l
*********************
BEFORE: 
[[0 0 2 4]
 [0 2 0 8]
 [0 0 0 2]
 [0 0 0 0]]

*********************
AFTER: 
[[2 4 0 0]
 [2 8 0 0]
 [2 0 2 0]
 [0 0 0 0]]

TIME TAKEN FOR STEP: 90.0017801489

*********************

BRANCHES: 88
AI SELECT ACTION: l
*********************
BEFORE: 
[[2 4 0 0]
 [2 8 0 0]
 [2 0 2 0]
 [0 0 0 0]]

*********************
AFTER: 
[[2 4 4 0]
 [2 8 0 0]
 [4 0 0 0]
 [0 0 0 0]]

TIME TAKEN FOR STEP: 90.0014909636

*********************

BRANCHES: 90
AI SELECT ACTION: l
*********************
BEFORE: 
[[2 4 4 0]
 [2 8 0 0]
 [4 0 0 0]
 [0 0 0 0]]

*********************
AFTER: 
[[2 8 0 0]
 [2 8 0 0]
 [4 0 0 2]
 [0 0 0 0]]

TIME TAKEN FOR STEP: 90.0034627174

*********************

BRANCHES: 90
AI SELECT ACTION: l
*********************
BEFORE: 
[[2 8 0 0]
 [2 8 0 0]
 [4 0 0 2]
 [0 0 0 0]]

*********************
AFTER: 
[[2 8 0 2]
 [2 8 0 0]
 [4 2 0 0]
 [0 0 0 0]]

TIME TAKEN FOR STEP: 90.0011685931

*********************

BRANCHES: 82
AI SELECT ACTION: d
*********************
BEFORE: 
[[2 8 0 2]
 [2 8 0 0]
 [4 2 0 0]
 [0 0 0 0]]

*********************
AFTER: 
[[ 0  0  0  0]
 [ 0  0  2  0]
 [ 4 16  0  0]
 [ 4  2  0  2]]

TIME TAKEN FOR STEP: 98.9448537066

*********************

BRANCHES: 90
AI SELECT ACTION: d
*********************
BEFORE: 
[[ 0  0  0  0]
 [ 0  0  2  0]
 [ 4 16  0  0]
 [ 4  2  0  2]]

*********************
AFTER: 
[[ 0  0  0  0]
 [ 0  0  0  0]
 [ 0 16  0  2]
 [ 8  2  2  2]]

TIME TAKEN FOR STEP: 90.0039790633

*********************

BRANCHES: 88
AI SELECT ACTION: d
*********************
BEFORE: 
[[ 0  0  0  0]
 [ 0  0  0  0]
 [ 0 16  0  2]
 [ 8  2  2  2]]

*********************
AFTER: 
[[ 0  0  0  0]
 [ 0  0  0  0]
 [ 0 16  2  0]
 [ 8  2  2  4]]

TIME TAKEN FOR STEP: 90.002738569

*********************

BRANCHES: 90
AI SELECT ACTION: d
*********************
BEFORE: 
[[ 0  0  0  0]
 [ 0  0  0  0]
 [ 0 16  2  0]
 [ 8  2  2  4]]

*********************
AFTER: 
[[ 0  0  2  0]
 [ 0  0  0  0]
 [ 0 16  0  0]
 [ 8  2  4  4]]

TIME TAKEN FOR STEP: 126.566484372

*********************

BRANCHES: 84
AI SELECT ACTION: d
*********************
BEFORE: 
[[ 0  0  2  0]
 [ 0  0  0  0]
 [ 0 16  0  0]
 [ 8  2  4  4]]

*********************
AFTER: 
[[ 0  2  0  0]
 [ 0  0  0  0]
 [ 0 16  2  0]
 [ 8  2  4  4]]

TIME TAKEN FOR STEP: 90.0024011861

*********************

BRANCHES: 76
AI SELECT ACTION: l
*********************
BEFORE: 
[[ 0  2  0  0]
 [ 0  0  0  0]
 [ 0 16  2  0]
 [ 8  2  4  4]]

*********************
AFTER: 
[[ 2  0  0  0]
 [ 2  0  0  0]
 [16  2  0  0]
 [ 8  2  8  0]]

TIME TAKEN FOR STEP: 90.0016122476

*********************

BRANCHES: 62
AI SELECT ACTION: d
*********************
BEFORE: 
[[ 2  0  0  0]
 [ 2  0  0  0]
 [16  2  0  0]
 [ 8  2  8  0]]

*********************
AFTER: 
[[ 0  0  0  0]
 [ 4  0  0  0]
 [16  2  0  0]
 [ 8  4  8  0]]

TIME TAKEN FOR STEP: 90.0028310135

*********************

BRANCHES: 40
AI SELECT ACTION: r
*********************
BEFORE: 
[[ 0  0  0  0]
 [ 4  0  0  0]
 [16  2  0  0]
 [ 8  4  8  0]]

*********************
AFTER: 
[[ 0  0  0  2]
 [ 0  0  0  4]
 [ 0  0 16  2]
 [ 0  8  4  8]]

TIME TAKEN FOR STEP: 90.0042172856

*********************

BRANCHES: 36
AI SELECT ACTION: u
*********************
BEFORE: 
[[ 0  0  0  2]
 [ 0  0  0  4]
 [ 0  0 16  2]
 [ 0  8  4  8]]

*********************
AFTER: 
[[ 0  8 16  2]
 [ 0  0  4  4]
 [ 0  0  0  2]
 [ 0  2  0  8]]

TIME TAKEN FOR STEP: 106.368042417

*********************

BRANCHES: 68
AI SELECT ACTION: l
*********************
BEFORE: 
[[ 0  8 16  2]
 [ 0  0  4  4]
 [ 0  0  0  2]
 [ 0  2  0  8]]

*********************
AFTER: 
[[ 8 16  2  2]
 [ 8  0  0  0]
 [ 2  0  0  0]
 [ 2  8  0  0]]

TIME TAKEN FOR STEP: 90.0106741771

*********************

BRANCHES: 76
AI SELECT ACTION: u
*********************
BEFORE: 
[[ 8 16  2  2]
 [ 8  0  0  0]
 [ 2  0  0  0]
 [ 2  8  0  0]]

*********************
AFTER: 
[[16 16  2  2]
 [ 4  8  0  2]
 [ 0  0  0  0]
 [ 0  0  0  0]]

TIME TAKEN FOR STEP: 90.0021594083

*********************

BRANCHES: 84
AI SELECT ACTION: l
*********************
BEFORE: 
[[16 16  2  2]
 [ 4  8  0  2]
 [ 0  0  0  0]
 [ 0  0  0  0]]

*********************
AFTER: 
[[32  4  0  0]
 [ 4  8  2  2]
 [ 0  0  0  0]
 [ 0  0  0  0]]

TIME TAKEN FOR STEP: 90.0011776795

*********************

BRANCHES: 84
AI SELECT ACTION: l
*********************
BEFORE: 
[[32  4  0  0]
 [ 4  8  2  2]
 [ 0  0  0  0]
 [ 0  0  0  0]]

*********************
AFTER: 
[[32  4  0  0]
 [ 4  8  4  0]
 [ 0  0  0  0]
 [ 2  0  0  0]]

TIME TAKEN FOR STEP: 90.0018374328

*********************

BRANCHES: 60
AI SELECT ACTION: r
*********************
BEFORE: 
[[32  4  0  0]
 [ 4  8  4  0]
 [ 0  0  0  0]
 [ 2  0  0  0]]

*********************
AFTER: 
[[ 2  0 32  4]
 [ 0  4  8  4]
 [ 0  0  0  0]
 [ 0  0  0  2]]

TIME TAKEN FOR STEP: 90.0020440502

*********************

BRANCHES: 76
AI SELECT ACTION: r
*********************
BEFORE: 
[[ 2  0 32  4]
 [ 0  4  8  4]
 [ 0  0  0  0]
 [ 0  0  0  2]]

*********************
AFTER: 
[[ 0  2 32  4]
 [ 0  4  8  4]
 [ 0  0  4  0]
 [ 0  0  0  2]]

TIME TAKEN FOR STEP: 125.326189561

*********************

BRANCHES: 68
AI SELECT ACTION: u
*********************
BEFORE: 
[[ 0  2 32  4]
 [ 0  4  8  4]
 [ 0  0  4  0]
 [ 0  0  0  2]]

*********************
AFTER: 
[[ 0  2 32  8]
 [ 0  4  8  2]
 [ 0  0  4  0]
 [ 0  0  2  0]]

TIME TAKEN FOR STEP: 90.2718294407

*********************

BRANCHES: 48
AI SELECT ACTION: l
*********************
BEFORE: 
[[ 0  2 32  8]
 [ 0  4  8  2]
 [ 0  0  4  0]
 [ 0  0  2  0]]

*********************
AFTER: 
[[ 2 32  8  0]
 [ 4  8  2  0]
 [ 4  0  0  0]
 [ 2  0  0  2]]

TIME TAKEN FOR STEP: 90.0053775824

*********************

BRANCHES: 64
AI SELECT ACTION: u
*********************
BEFORE: 
[[ 2 32  8  0]
 [ 4  8  2  0]
 [ 4  0  0  0]
 [ 2  0  0  2]]

*********************
AFTER: 
[[ 2 32  8  2]
 [ 8  8  2  2]
 [ 2  0  0  0]
 [ 0  0  0  0]]

TIME TAKEN FOR STEP: 90.0017121982

*********************

BRANCHES: 68
AI SELECT ACTION: d
*********************
BEFORE: 
[[ 2 32  8  2]
 [ 8  8  2  2]
 [ 2  0  0  0]
 [ 0  0  0  0]]

*********************
AFTER: 
[[ 0  0  0  0]
 [ 2  0  0  2]
 [ 8 32  8  0]
 [ 2  8  2  4]]

TIME TAKEN FOR STEP: 90.0024782232

*********************

BRANCHES: 60
AI SELECT ACTION: d
*********************
BEFORE: 
[[ 0  0  0  0]
 [ 2  0  0  2]
 [ 8 32  8  0]
 [ 2  8  2  4]]

*********************
AFTER: 
[[ 0  0  0  0]
 [ 2  0  2  0]
 [ 8 32  8  2]
 [ 2  8  2  4]]

TIME TAKEN FOR STEP: 90.0013949635

*********************

BRANCHES: 40
AI SELECT ACTION: l
*********************
BEFORE: 
[[ 0  0  0  0]
 [ 2  0  2  0]
 [ 8 32  8  2]
 [ 2  8  2  4]]

*********************
AFTER: 
[[ 0  2  0  0]
 [ 4  0  0  0]
 [ 8 32  8  2]
 [ 2  8  2  4]]

TIME TAKEN FOR STEP: 261.633018719

*********************

BRANCHES: 48
AI SELECT ACTION: d
*********************
BEFORE: 
[[ 0  2  0  0]
 [ 4  0  0  0]
 [ 8 32  8  2]
 [ 2  8  2  4]]

*********************
AFTER: 
[[ 0  0  0  0]
 [ 4  2  2  0]
 [ 8 32  8  2]
 [ 2  8  2  4]]

TIME TAKEN FOR STEP: 90.0009370868

*********************

BRANCHES: 36
AI SELECT ACTION: l
*********************
BEFORE: 
[[ 0  0  0  0]
 [ 4  2  2  0]
 [ 8 32  8  2]
 [ 2  8  2  4]]

*********************
AFTER: 
[[ 0  0  0  0]
 [ 4  4  0  2]
 [ 8 32  8  2]
 [ 2  8  2  4]]

TIME TAKEN FOR STEP: 90.0799308958

*********************

BRANCHES: 50
AI SELECT ACTION: u
*********************
BEFORE: 
[[ 0  0  0  0]
 [ 4  4  0  2]
 [ 8 32  8  2]
 [ 2  8  2  4]]

*********************
AFTER: 
[[ 4  4  8  8]
 [ 8 32  2  0]
 [ 2  8  0  0]
 [ 0  2  0  0]]

TIME TAKEN FOR STEP: 90.3463768282

*********************

BRANCHES: 44
AI SELECT ACTION: l
*********************
BEFORE: 
[[ 4  4  8  8]
 [ 8 32  2  0]
 [ 2  8  0  0]
 [ 0  2  0  0]]

*********************
AFTER: 
[[16  8  0  0]
 [ 8 32  2  0]
 [ 2  8  0  0]
 [ 2  2  0  0]]

TIME TAKEN FOR STEP: 90.0074911635

*********************

BRANCHES: 64
AI SELECT ACTION: d
*********************
BEFORE: 
[[16  8  0  0]
 [ 8 32  2  0]
 [ 2  8  0  0]
 [ 2  2  0  0]]

*********************
AFTER: 
[[ 0  8  0  2]
 [16 32  0  0]
 [ 8  8  0  0]
 [ 4  2  2  0]]

TIME TAKEN FOR STEP: 90.001825976

*********************

BRANCHES: 66
AI SELECT ACTION: u
*********************
BEFORE: 
[[ 0  8  0  2]
 [16 32  0  0]
 [ 8  8  0  0]
 [ 4  2  2  0]]

*********************
AFTER: 
[[16  8  2  2]
 [ 8 32  0  2]
 [ 4  8  0  0]
 [ 0  2  0  0]]

TIME TAKEN FOR STEP: 90.009301337

*********************

BRANCHES: 56
AI SELECT ACTION: r
*********************
BEFORE: 
[[16  8  2  2]
 [ 8 32  0  2]
 [ 4  8  0  0]
 [ 0  2  0  0]]

*********************
AFTER: 
[[ 2 16  8  4]
 [ 0  8 32  2]
 [ 0  0  4  8]
 [ 0  0  0  2]]

TIME TAKEN FOR STEP: 90.0251097383

*********************

BRANCHES: 24
AI SELECT ACTION: d
*********************
BEFORE: 
[[ 2 16  8  4]
 [ 0  8 32  2]
 [ 0  0  4  8]
 [ 0  0  0  2]]

*********************
AFTER: 
[[ 0  0  2  4]
 [ 0  0  8  2]
 [ 0 16 32  8]
 [ 2  8  4  2]]

TIME TAKEN FOR STEP: 330.787834385

*********************

BRANCHES: 20
AI SELECT ACTION: u
*********************
BEFORE: 
[[ 0  0  2  4]
 [ 0  0  8  2]
 [ 0 16 32  8]
 [ 2  8  4  2]]

*********************
AFTER: 
[[ 2 16  2  4]
 [ 0  8  8  2]
 [ 2  0 32  8]
 [ 0  0  4  2]]

TIME TAKEN FOR STEP: 89.9986563945

*********************

BRANCHES: 40
AI SELECT ACTION: r
*********************
BEFORE: 
[[ 2 16  2  4]
 [ 0  8  8  2]
 [ 2  0 32  8]
 [ 0  0  4  2]]

*********************
AFTER: 
[[ 2 16  2  4]
 [ 2  0 16  2]
 [ 0  2 32  8]
 [ 0  0  4  2]]

TIME TAKEN FOR STEP: 90.0093218802

*********************

BRANCHES: 36
AI SELECT ACTION: l
*********************
BEFORE: 
[[ 2 16  2  4]
 [ 2  0 16  2]
 [ 0  2 32  8]
 [ 0  0  4  2]]

*********************
AFTER: 
[[ 2 16  2  4]
 [ 2 16  2  2]
 [ 2 32  8  0]
 [ 4  2  0  0]]

TIME TAKEN FOR STEP: 90.0091709666

*********************

BRANCHES: 42
AI SELECT ACTION: d
*********************
BEFORE: 
[[ 2 16  2  4]
 [ 2 16  2  2]
 [ 2 32  8  0]
 [ 4  2  0  0]]

*********************
AFTER: 
[[ 0  0  0  0]
 [ 2 32  0  2]
 [ 4 32  4  4]
 [ 4  2  8  2]]

TIME TAKEN FOR STEP: 90.0102336831

*********************

BRANCHES: 52
AI SELECT ACTION: l
*********************
BEFORE: 
[[ 0  0  0  0]
 [ 2 32  0  2]
 [ 4 32  4  4]
 [ 4  2  8  2]]

*********************
AFTER: 
[[ 0  0  0  0]
 [ 2 32  2  0]
 [ 4 32  8  2]
 [ 4  2  8  2]]

TIME TAKEN FOR STEP: 90.0056616319

*********************

BRANCHES: 46
AI SELECT ACTION: d
*********************
BEFORE: 
[[ 0  0  0  0]
 [ 2 32  2  0]
 [ 4 32  8  2]
 [ 4  2  8  2]]

*********************
AFTER: 
[[ 0  2  0  0]
 [ 0  0  0  0]
 [ 2 64  2  0]
 [ 8  2 16  4]]

TIME TAKEN FOR STEP: 90.0088632134

*********************

BRANCHES: 64
AI SELECT ACTION: l
*********************
BEFORE: 
[[ 0  2  0  0]
 [ 0  0  0  0]
 [ 2 64  2  0]
 [ 8  2 16  4]]

*********************
AFTER: 
[[ 2  0  0  2]
 [ 0  0  0  0]
 [ 2 64  2  0]
 [ 8  2 16  4]]

TIME TAKEN FOR STEP: 312.016487118

*********************

BRANCHES: 64
AI SELECT ACTION: d
*********************
BEFORE: 
[[ 2  0  0  2]
 [ 0  0  0  0]
 [ 2 64  2  0]
 [ 8  2 16  4]]

*********************
AFTER: 
[[ 0  2  0  0]
 [ 0  0  0  0]
 [ 4 64  2  2]
 [ 8  2 16  4]]

TIME TAKEN FOR STEP: 90.0065268174

*********************

BRANCHES: 60
AI SELECT ACTION: l
*********************
BEFORE: 
[[ 0  2  0  0]
 [ 0  0  0  0]
 [ 4 64  2  2]
 [ 8  2 16  4]]

*********************
AFTER: 
[[ 2  0  0  0]
 [ 0  0  0  2]
 [ 4 64  4  0]
 [ 8  2 16  4]]

TIME TAKEN FOR STEP: 90.0095545717

*********************

BRANCHES: 56
AI SELECT ACTION: r
*********************
BEFORE: 
[[ 2  0  0  0]
 [ 0  0  0  2]
 [ 4 64  4  0]
 [ 8  2 16  4]]

*********************
AFTER: 
[[ 0  0  0  2]
 [ 0  0  4  2]
 [ 0  4 64  4]
 [ 8  2 16  4]]

TIME TAKEN FOR STEP: 90.0093534852

*********************

BRANCHES: 44
AI SELECT ACTION: u
*********************
BEFORE: 
[[ 0  0  0  2]
 [ 0  0  4  2]
 [ 0  4 64  4]
 [ 8  2 16  4]]

*********************
AFTER: 
[[ 8  4  4  8]
 [ 0  2 64  4]
 [ 0  2 16  0]
 [ 0  0  0  0]]

TIME TAKEN FOR STEP: 90.0094285469

*********************

BRANCHES: 70
AI SELECT ACTION: u
*********************
BEFORE: 
[[ 8  4  4  8]
 [ 0  2 64  4]
 [ 0  2 16  0]
 [ 0  0  0  0]]

*********************
AFTER: 
[[ 8  4  4  8]
 [ 0  4 64  4]
 [ 0  0 16  0]
 [ 0  0  2  0]]

TIME TAKEN FOR STEP: 90.012154869

*********************

BRANCHES: 68
AI SELECT ACTION: l
*********************
BEFORE: 
[[ 8  4  4  8]
 [ 0  4 64  4]
 [ 0  0 16  0]
 [ 0  0  2  0]]

*********************
AFTER: 
[[ 8 16  0  0]
 [ 4 64  4  0]
 [16  0  2  0]
 [ 2  0  0  0]]

TIME TAKEN FOR STEP: 90.0093665222

*********************

BRANCHES: 64
AI SELECT ACTION: u
*********************
BEFORE: 
[[ 8 16  0  0]
 [ 4 64  4  0]
 [16  0  2  0]
 [ 2  0  0  0]]

*********************
AFTER: 
[[ 8 16  4  0]
 [ 4 64  2  0]
 [16  0  0  0]
 [ 2  0  0  2]]

TIME TAKEN FOR STEP: 90.0126921532

*********************

BRANCHES: 60
AI SELECT ACTION: l
*********************
BEFORE: 
[[ 8 16  4  0]
 [ 4 64  2  0]
 [16  0  0  0]
 [ 2  0  0  2]]

*********************
AFTER: 
[[ 8 16  4  0]
 [ 4 64  2  0]
 [16  0  0  2]
 [ 4  0  0  0]]

TIME TAKEN FOR STEP: 90.0022621243

*********************

BRANCHES: 56
AI SELECT ACTION: l
*********************
BEFORE: 
[[ 8 16  4  0]
 [ 4 64  2  0]
 [16  0  0  2]
 [ 4  0  0  0]]

*********************
AFTER: 
[[ 8 16  4  0]
 [ 4 64  2  0]
 [16  2  0  0]
 [ 4  0  0  2]]

TIME TAKEN FOR STEP: 367.973599199

*********************

BRANCHES: 48
AI SELECT ACTION: u
*********************
BEFORE: 
[[ 8 16  4  0]
 [ 4 64  2  0]
 [16  2  0  0]
 [ 4  0  0  2]]

*********************
AFTER: 
[[ 8 16  4  2]
 [ 4 64  2  0]
 [16  2  0  2]
 [ 4  0  0  0]]

TIME TAKEN FOR STEP: 90.0052965947

*********************

BRANCHES: 48
AI SELECT ACTION: u
*********************
BEFORE: 
[[ 8 16  4  2]
 [ 4 64  2  0]
 [16  2  0  2]
 [ 4  0  0  0]]

*********************
AFTER: 
[[ 8 16  4  4]
 [ 4 64  2  0]
 [16  2  0  0]
 [ 4  0  0  2]]

TIME TAKEN FOR STEP: 90.0059725456

*********************

BRANCHES: 44
AI SELECT ACTION: l
*********************
BEFORE: 
[[ 8 16  4  4]
 [ 4 64  2  0]
 [16  2  0  0]
 [ 4  0  0  2]]

*********************
AFTER: 
[[ 8 16  8  0]
 [ 4 64  2  0]
 [16  2  0  0]
 [ 4  2  2  0]]

TIME TAKEN FOR STEP: 90.0094269667

*********************

BRANCHES: 54
AI SELECT ACTION: l
*********************
BEFORE: 
[[ 8 16  8  0]
 [ 4 64  2  0]
 [16  2  0  0]
 [ 4  2  2  0]]

*********************
AFTER: 
[[ 8 16  8  0]
 [ 4 64  2  0]
 [16  2  0  0]
 [ 4  4  2  0]]

TIME TAKEN FOR STEP: 90.0095431149

*********************

BRANCHES: 48
AI SELECT ACTION: r
*********************
BEFORE: 
[[ 8 16  8  0]
 [ 4 64  2  0]
 [16  2  0  0]
 [ 4  4  2  0]]

*********************
AFTER: 
[[ 0  8 16  8]
 [ 0  4 64  2]
 [ 0  2 16  2]
 [ 0  0  8  2]]

TIME TAKEN FOR STEP: 90.0041971375

*********************

BRANCHES: 34
AI SELECT ACTION: d
*********************
BEFORE: 
[[ 0  8 16  8]
 [ 0  4 64  2]
 [ 0  2 16  2]
 [ 0  0  8  2]]

*********************
AFTER: 
[[ 0  0 16  4]
 [ 0  8 64  8]
 [ 0  4 16  2]
 [ 0  2  8  4]]

TIME TAKEN FOR STEP: 90.013942524

*********************

BRANCHES: 20
AI SELECT ACTION: l
*********************
BEFORE: 
[[ 0  0 16  4]
 [ 0  8 64  8]
 [ 0  4 16  2]
 [ 0  2  8  4]]

*********************
AFTER: 
[[16  4  2  0]
 [ 8 64  8  0]
 [ 4 16  2  0]
 [ 2  8  4  0]]

TIME TAKEN FOR STEP: 90.0089078554

*********************

BRANCHES: 8
STARTIG BOARD: 
[[16  4  2  0]
 [ 8 64  8  0]
 [ 4 16  2  0]
 [ 2  8  4  0]]

*********************

BRANCHES: 8
AI SELECT ACTION: r
*********************
BEFORE: 
[[16  4  2  0]
 [ 8 64  8  0]
 [ 4 16  2  0]
 [ 2  8  4  0]]

*********************
AFTER: 
[[ 0 16  4  2]
 [ 0  8 64  8]
 [ 4  4 16  2]
 [ 0  2  8  4]]

TIME TAKEN FOR STEP: 90.0050773353

*********************

BRANCHES: 28
AI SELECT ACTION: l
*********************
BEFORE: 
[[ 0 16  4  2]
 [ 0  8 64  8]
 [ 4  4 16  2]
 [ 0  2  8  4]]

*********************
AFTER: 
[[16  4  2  0]
 [ 8 64  8  2]
 [ 8 16  2  0]
 [ 2  8  4  0]]

TIME TAKEN FOR STEP: 90.0075314598

*********************

BRANCHES: 24
AI SELECT ACTION: d
*********************
BEFORE: 
[[16  4  2  0]
 [ 8 64  8  2]
 [ 8 16  2  0]
 [ 2  8  4  0]]

*********************
AFTER: 
[[ 0  4  2  0]
 [ 2 64  8  0]
 [32 16  2  0]
 [ 2  8  4  2]]

TIME TAKEN FOR STEP: 90.0009607905

*********************

BRANCHES: 24
AI SELECT ACTION: u
*********************
BEFORE: 
[[ 0  4  2  0]
 [ 2 64  8  0]
 [32 16  2  0]
 [ 2  8  4  2]]

*********************
AFTER: 
[[ 2  4  2  2]
 [32 64  8  2]
 [ 2 16  2  0]
 [ 0  8  4  0]]

TIME TAKEN FOR STEP: 90.0087537812

*********************

BRANCHES: 34
AI SELECT ACTION: r
*********************
BEFORE: 
[[ 2  4  2  2]
 [32 64  8  2]
 [ 2 16  2  0]
 [ 0  8  4  0]]

*********************
AFTER: 
[[ 2  0  2  8]
 [32 64  8  2]
 [ 0  2 16  2]
 [ 0  0  8  4]]

TIME TAKEN FOR STEP: 90.0121825233

*********************

BRANCHES: 42
AI SELECT ACTION: r
*********************
BEFORE: 
[[ 2  0  2  8]
 [32 64  8  2]
 [ 0  2 16  2]
 [ 0  0  8  4]]

*********************
AFTER: 
[[ 0  0  4  8]
 [32 64  8  2]
 [ 0  2 16  2]
 [ 2  0  8  4]]

TIME TAKEN FOR STEP: 89.995384492

*********************

BRANCHES: 38
AI SELECT ACTION: u
*********************
BEFORE: 
[[ 0  0  4  8]
 [32 64  8  2]
 [ 0  2 16  2]
 [ 2  0  8  4]]

*********************
AFTER: 
[[32 64  4  8]
 [ 2  2  8  8]
 [ 0  0 16  0]
 [ 0  0  8  2]]

TIME TAKEN FOR STEP: 90.0082781267

*********************

BRANCHES: 52
AI SELECT ACTION: u
*********************
BEFORE: 
[[32 64  4  8]
 [ 2  2  8  8]
 [ 0  0 16  0]
 [ 0  0  8  2]]

*********************
AFTER: 
[[32 64  4 16]
 [ 2  2  8  2]
 [ 0  0 16  2]
 [ 0  0  8  0]]

TIME TAKEN FOR STEP: 90.0031257296

*********************

BRANCHES: 48
AI SELECT ACTION: l
*********************
BEFORE: 
[[32 64  4 16]
 [ 2  2  8  2]
 [ 0  0 16  2]
 [ 0  0  8  0]]

*********************
AFTER: 
[[32 64  4 16]
 [ 4  8  2  0]
 [16  2  0  0]
 [ 8  0  2  0]]

TIME TAKEN FOR STEP: 90.0009734325

*********************

BRANCHES: 46
AI SELECT ACTION: u
*********************
BEFORE: 
[[32 64  4 16]
 [ 4  8  2  0]
 [16  2  0  0]
 [ 8  0  2  0]]

*********************
AFTER: 
[[32 64  4 16]
 [ 4  8  4  2]
 [16  2  0  0]
 [ 8  0  0  0]]

TIME TAKEN FOR STEP: 90.0060665703

*********************

BRANCHES: 34
AI SELECT ACTION: u
*********************
BEFORE: 
[[32 64  4 16]
 [ 4  8  4  2]
 [16  2  0  0]
 [ 8  0  0  0]]

*********************
AFTER: 
[[32 64  8 16]
 [ 4  8  2  2]
 [16  2  0  0]
 [ 8  0  0  0]]

TIME TAKEN FOR STEP: 90.005196249

*********************

BRANCHES: 34
AI SELECT ACTION: d
*********************
BEFORE: 
[[32 64  8 16]
 [ 4  8  2  2]
 [16  2  0  0]
 [ 8  0  0  0]]

*********************
AFTER: 
[[32  0  0  0]
 [ 4 64  2  0]
 [16  8  8 16]
 [ 8  2  2  2]]

TIME TAKEN FOR STEP: 90.0125732395

*********************

BRANCHES: 36
AI SELECT ACTION: r
*********************
BEFORE: 
[[32  0  0  0]
 [ 4 64  2  0]
 [16  8  8 16]
 [ 8  2  2  2]]

*********************
AFTER: 
[[ 0  0  0 32]
 [ 0  4 64  2]
 [ 2  0 32 16]
 [ 0  8  2  4]]

TIME TAKEN FOR STEP: 90.0066176816

*********************

BRANCHES: 48
AI SELECT ACTION: u
*********************
BEFORE: 
[[ 0  0  0 32]
 [ 0  4 64  2]
 [ 2  0 32 16]
 [ 0  8  2  4]]

*********************
AFTER: 
[[ 2  4 64 32]
 [ 0  8 32  2]
 [ 0  2  2 16]
 [ 0  0  0  4]]

TIME TAKEN FOR STEP: 90.0178872169

*********************

BRANCHES: 34
AI SELECT ACTION: r
*********************
BEFORE: 
[[ 2  4 64 32]
 [ 0  8 32  2]
 [ 0  2  2 16]
 [ 0  0  0  4]]

*********************
AFTER: 
[[ 2  4 64 32]
 [ 0  8 32  2]
 [ 0  0  4 16]
 [ 0  2  0  4]]

TIME TAKEN FOR STEP: 90.0018058279

*********************

BRANCHES: 40
AI SELECT ACTION: d
*********************
BEFORE: 
[[ 2  4 64 32]
 [ 0  8 32  2]
 [ 0  0  4 16]
 [ 0  2  0  4]]

*********************
AFTER: 
[[ 2  0  0 32]
 [ 0  4 64  2]
 [ 0  8 32 16]
 [ 2  2  4  4]]

TIME TAKEN FOR STEP: 89.9961912084

*********************

BRANCHES: 44
AI SELECT ACTION: u
*********************
BEFORE: 
[[ 2  0  0 32]
 [ 0  4 64  2]
 [ 0  8 32 16]
 [ 2  2  4  4]]

*********************
AFTER: 
[[ 4  4 64 32]
 [ 0  8 32  2]
 [ 0  2  4 16]
 [ 0  0  2  4]]

TIME TAKEN FOR STEP: 90.0051761008

*********************

BRANCHES: 28
AI SELECT ACTION: d
*********************
BEFORE: 
[[ 4  4 64 32]
 [ 0  8 32  2]
 [ 0  2  4 16]
 [ 0  0  2  4]]

*********************
AFTER: 
[[ 0  0 64 32]
 [ 0  4 32  2]
 [ 2  8  4 16]
 [ 4  2  2  4]]

TIME TAKEN FOR STEP: 90.0084570898

*********************

BRANCHES: 26
AI SELECT ACTION: u
*********************
BEFORE: 
[[ 0  0 64 32]
 [ 0  4 32  2]
 [ 2  8  4 16]
 [ 4  2  2  4]]

*********************
AFTER: 
[[ 2  4 64 32]
 [ 4  8 32  2]
 [ 2  2  4 16]
 [ 0  0  2  4]]

TIME TAKEN FOR STEP: 90.0030799025

*********************

BRANCHES: 18
AI SELECT ACTION: d
*********************
BEFORE: 
[[ 2  4 64 32]
 [ 4  8 32  2]
 [ 2  2  4 16]
 [ 0  0  2  4]]

*********************
AFTER: 
[[ 0  2 64 32]
 [ 2  4 32  2]
 [ 4  8  4 16]
 [ 2  2  2  4]]

TIME TAKEN FOR STEP: 90.0017536797

*********************

BRANCHES: 10
AI SELECT ACTION: l
*********************
BEFORE: 
[[ 0  2 64 32]
 [ 2  4 32  2]
 [ 4  8  4 16]
 [ 2  2  2  4]]

*********************
AFTER: 
[[ 2 64 32  0]
 [ 2  4 32  2]
 [ 4  8  4 16]
 [ 4  2  4  2]]

TIME TAKEN FOR STEP: 90.0029965444

*********************

BRANCHES: 22
AI SELECT ACTION: u
*********************
BEFORE: 
[[ 2 64 32  0]
 [ 2  4 32  2]
 [ 4  8  4 16]
 [ 4  2  4  2]]

*********************
AFTER: 
[[ 8 64 64  2]
 [ 4  4  8 16]
 [ 0  8  0  2]
 [ 2  2  0  0]]

TIME TAKEN FOR STEP: 90.0017287908

*********************

BRANCHES: 48
AI SELECT ACTION: u
*********************
BEFORE: 
[[ 8 64 64  2]
 [ 4  4  8 16]
 [ 0  8  0  2]
 [ 2  2  0  0]]

*********************
AFTER: 
[[ 8 64 64  2]
 [ 4  4  8 16]
 [ 2  8  0  2]
 [ 0  2  2  0]]

TIME TAKEN FOR STEP: 90.0027085443

*********************

BRANCHES: 40
AI SELECT ACTION: r
*********************
BEFORE: 
[[ 8 64 64  2]
 [ 4  4  8 16]
 [ 2  8  0  2]
 [ 0  2  2  0]]

*********************
AFTER: 
[[  0   8 128   2]
 [  2   8   8  16]
 [  0   2   8   2]
 [  0   0   0   4]]

TIME TAKEN FOR STEP: 90.004634471

*********************

BRANCHES: 54
AI SELECT ACTION: u
*********************
BEFORE: 
[[  0   8 128   2]
 [  2   8   8  16]
 [  0   2   8   2]
 [  0   0   0   4]]

*********************
AFTER: 
[[  2  16 128   2]
 [  2   2  16  16]
 [  0   0   0   2]
 [  0   0   0   4]]

TIME TAKEN FOR STEP: 90.002636248

*********************

BRANCHES: 60
AI SELECT ACTION: r
*********************
BEFORE: 
[[  2  16 128   2]
 [  2   2  16  16]
 [  0   0   0   2]
 [  0   0   0   4]]

*********************
AFTER: 
[[  2  16 128   2]
 [  0   0   4  32]
 [  2   0   0   2]
 [  0   0   0   4]]

TIME TAKEN FOR STEP: 90.0020499761

*********************

BRANCHES: 64
AI SELECT ACTION: u
*********************
BEFORE: 
[[  2  16 128   2]
 [  0   0   4  32]
 [  2   0   0   2]
 [  0   0   0   4]]

*********************
AFTER: 
[[  4  16 128   2]
 [  0   0   4  32]
 [  0   0   0   2]
 [  0   0   2   4]]

TIME TAKEN FOR STEP: 90.0042698288

*********************

BRANCHES: 42
AI SELECT ACTION: u
*********************
BEFORE: 
[[  4  16 128   2]
 [  0   0   4  32]
 [  0   0   0   2]
 [  0   0   2   4]]

*********************
AFTER: 
[[  4  16 128   2]
 [  0   0   4  32]
 [  0   0   2   2]
 [  2   0   0   4]]

TIME TAKEN FOR STEP: 116.360117476

*********************

BRANCHES: 52
AI SELECT ACTION: u
*********************
BEFORE: 
[[  4  16 128   2]
 [  0   0   4  32]
 [  0   0   2   2]
 [  2   0   0   4]]

*********************
AFTER: 
[[  4  16 128   2]
 [  2   0   4  32]
 [  0   0   2   2]
 [  0   2   0   4]]

TIME TAKEN FOR STEP: 90.0050611378

*********************

BRANCHES: 44
AI SELECT ACTION: d
*********************
BEFORE: 
[[  4  16 128   2]
 [  2   0   4  32]
 [  0   0   2   2]
 [  0   2   0   4]]

*********************
AFTER: 
[[  0   0   0   2]
 [  2   0 128  32]
 [  4  16   4   2]
 [  2   2   2   4]]

TIME TAKEN FOR STEP: 90.0034978779

*********************

BRANCHES: 28
AI SELECT ACTION: u
*********************
BEFORE: 
[[  0   0   0   2]
 [  2   0 128  32]
 [  4  16   4   2]
 [  2   2   2   4]]

*********************
AFTER: 
[[  2  16 128   2]
 [  4   2   4  32]
 [  2   0   2   2]
 [  0   0   2   4]]

TIME TAKEN FOR STEP: 90.0066508668

*********************

BRANCHES: 34
AI SELECT ACTION: l
*********************
BEFORE: 
[[  2  16 128   2]
 [  4   2   4  32]
 [  2   0   2   2]
 [  0   0   2   4]]

*********************
AFTER: 
[[  2  16 128   2]
 [  4   2   4  32]
 [  4   2   0   0]
 [  2   4   0   2]]

TIME TAKEN FOR STEP: 90.0015877537

*********************

BRANCHES: 34
AI SELECT ACTION: l
*********************
BEFORE: 
[[  2  16 128   2]
 [  4   2   4  32]
 [  4   2   0   0]
 [  2   4   0   2]]

*********************
AFTER: 
[[  2  16 128   2]
 [  4   2   4  32]
 [  4   2   0   2]
 [  2   4   2   0]]

TIME TAKEN FOR STEP: 90.0054842491

*********************

BRANCHES: 32
AI SELECT ACTION: d
*********************
BEFORE: 
[[  2  16 128   2]
 [  4   2   4  32]
 [  4   2   0   2]
 [  2   4   2   0]]

*********************
AFTER: 
[[  0   2   0   0]
 [  2  16 128   2]
 [  8   4   4  32]
 [  2   4   2   2]]

TIME TAKEN FOR STEP: 90.0024177787

*********************

BRANCHES: 40
AI SELECT ACTION: l
*********************
BEFORE: 
[[  0   2   0   0]
 [  2  16 128   2]
 [  8   4   4  32]
 [  2   4   2   2]]

*********************
AFTER: 
[[  2   2   0   0]
 [  2  16 128   2]
 [  8   8  32   0]
 [  2   4   4   0]]

TIME TAKEN FOR STEP: 90.0012120499

*********************

BRANCHES: 48
AI SELECT ACTION: r
*********************
BEFORE: 
[[  2   2   0   0]
 [  2  16 128   2]
 [  8   8  32   0]
 [  2   4   4   0]]

*********************
AFTER: 
[[  0   2   0   4]
 [  2  16 128   2]
 [  0   0  16  32]
 [  0   0   2   8]]

TIME TAKEN FOR STEP: 90.0022569885

*********************

BRANCHES: 48
AI SELECT ACTION: r
*********************
BEFORE: 
[[  0   2   0   4]
 [  2  16 128   2]
 [  0   0  16  32]
 [  0   0   2   8]]

*********************
AFTER: 
[[  0   2   2   4]
 [  2  16 128   2]
 [  0   0  16  32]
 [  0   0   2   8]]

TIME TAKEN FOR STEP: 130.000719408

*********************

BRANCHES: 46
AI SELECT ACTION: r
*********************
BEFORE: 
[[  0   2   2   4]
 [  2  16 128   2]
 [  0   0  16  32]
 [  0   0   2   8]]

*********************
AFTER: 
[[  0   0   4   4]
 [  2  16 128   2]
 [  0   0  16  32]
 [  0   2   2   8]]

TIME TAKEN FOR STEP: 90.0048829649

*********************

BRANCHES: 48
AI SELECT ACTION: l
*********************
BEFORE: 
[[  0   0   4   4]
 [  2  16 128   2]
 [  0   0  16  32]
 [  0   2   2   8]]

*********************
AFTER: 
[[  8   0   0   0]
 [  2  16 128   2]
 [ 16  32   0   2]
 [  4   8   0   0]]

TIME TAKEN FOR STEP: 90.0018694328

*********************

BRANCHES: 52
AI SELECT ACTION: u
*********************
BEFORE: 
[[  8   0   0   0]
 [  2  16 128   2]
 [ 16  32   0   2]
 [  4   8   0   0]]

*********************
AFTER: 
[[  8  16 128   4]
 [  2  32   0   0]
 [ 16   8   0   2]
 [  4   0   0   0]]

TIME TAKEN FOR STEP: 90.0051749156

*********************

BRANCHES: 48
AI SELECT ACTION: r
*********************
BEFORE: 
[[  8  16 128   4]
 [  2  32   0   0]
 [ 16   8   0   2]
 [  4   0   0   0]]

*********************
AFTER: 
[[  8  16 128   4]
 [  2   0   2  32]
 [  0  16   8   2]
 [  0   0   0   4]]

TIME TAKEN FOR STEP: 90.0030419765

*********************

BRANCHES: 48
AI SELECT ACTION: u
*********************
BEFORE: 
[[  8  16 128   4]
 [  2   0   2  32]
 [  0  16   8   2]
 [  0   0   0   4]]

*********************
AFTER: 
[[  8  32 128   4]
 [  2   0   2  32]
 [  2   0   8   2]
 [  0   0   0   4]]

TIME TAKEN FOR STEP: 90.000938667

*********************

BRANCHES: 48
AI SELECT ACTION: l
*********************
BEFORE: 
[[  8  32 128   4]
 [  2   0   2  32]
 [  2   0   8   2]
 [  0   0   0   4]]

*********************
AFTER: 
[[  8  32 128   4]
 [  4  32   0   0]
 [  2   8   2   2]
 [  4   0   0   0]]

TIME TAKEN FOR STEP: 90.0007865682

*********************

BRANCHES: 48
AI SELECT ACTION: d
*********************
BEFORE: 
[[  8  32 128   4]
 [  4  32   0   0]
 [  2   8   2   2]
 [  4   0   0   0]]

*********************
AFTER: 
[[  8   0   0   2]
 [  4   0   0   0]
 [  2  64 128   4]
 [  4   8   2   2]]

TIME TAKEN FOR STEP: 90.0046076068

*********************

BRANCHES: 44
AI SELECT ACTION: l
*********************
BEFORE: 
[[  8   0   0   2]
 [  4   0   0   0]
 [  2  64 128   4]
 [  4   8   2   2]]

*********************
AFTER: 
[[  8   2   0   0]
 [  4   0   0   2]
 [  2  64 128   4]
 [  4   8   4   0]]

TIME TAKEN FOR STEP: 90.0031383716

*********************

BRANCHES: 40
AI SELECT ACTION: l
*********************
BEFORE: 
[[  8   2   0   0]
 [  4   0   0   2]
 [  2  64 128   4]
 [  4   8   4   0]]

*********************
AFTER: 
[[  8   2   2   0]
 [  4   2   0   0]
 [  2  64 128   4]
 [  4   8   4   0]]

TIME TAKEN FOR STEP: 90.0012096795

*********************

BRANCHES: 40
AI SELECT ACTION: r
*********************
BEFORE: 
[[  8   2   2   0]
 [  4   2   0   0]
 [  2  64 128   4]
 [  4   8   4   0]]

*********************
AFTER: 
[[  0   0   8   4]
 [  0   0   4   2]
 [  2  64 128   4]
 [  2   4   8   4]]

TIME TAKEN FOR STEP: 90.0007237534

*********************

BRANCHES: 32
AI SELECT ACTION: u
*********************
BEFORE: 
[[  0   0   8   4]
 [  0   0   4   2]
 [  2  64 128   4]
 [  2   4   8   4]]

*********************
AFTER: 
[[  4  64   8   4]
 [  0   4   4   2]
 [  0   0 128   8]
 [  0   0   8   2]]

TIME TAKEN FOR STEP: 90.0025295812

*********************

BRANCHES: 34
AI SELECT ACTION: r
*********************
BEFORE: 
[[  4  64   8   4]
 [  0   4   4   2]
 [  0   0 128   8]
 [  0   0   8   2]]

*********************
AFTER: 
[[  4  64   8   4]
 [  0   0   8   2]
 [  2   0 128   8]
 [  0   0   8   2]]

TIME TAKEN FOR STEP: 90.0016952105

*********************

BRANCHES: 44
AI SELECT ACTION: l
*********************
BEFORE: 
[[  4  64   8   4]
 [  0   0   8   2]
 [  2   0 128   8]
 [  0   0   8   2]]

*********************
AFTER: 
[[  4  64   8   4]
 [  8   2   0   0]
 [  2 128   8   0]
 [  8   2   4   0]]

TIME TAKEN FOR STEP: 244.537422039

*********************

BRANCHES: 28
AI SELECT ACTION: d
*********************
BEFORE: 
[[  4  64   8   4]
 [  8   2   0   0]
 [  2 128   8   0]
 [  8   2   4   0]]

*********************
AFTER: 
[[  4  64   0   0]
 [  8   2   2   0]
 [  2 128  16   0]
 [  8   2   4   4]]

TIME TAKEN FOR STEP: 90.0287292953

*********************

BRANCHES: 32
AI SELECT ACTION: r
*********************
BEFORE: 
[[  4  64   0   0]
 [  8   2   2   0]
 [  2 128  16   0]
 [  8   2   4   4]]

*********************
AFTER: 
[[  0   0   4  64]
 [  0   0   8   4]
 [  2   2 128  16]
 [  0   8   2   8]]

TIME TAKEN FOR STEP: 90.0030001

*********************

BRANCHES: 44
AI SELECT ACTION: r
*********************
BEFORE: 
[[  0   0   4  64]
 [  0   0   8   4]
 [  2   2 128  16]
 [  0   8   2   8]]

*********************
AFTER: 
[[  0   0   4  64]
 [  0   2   8   4]
 [  0   4 128  16]
 [  0   8   2   8]]

TIME TAKEN FOR STEP: 90.0020183712

*********************

BRANCHES: 20
AI SELECT ACTION: u
*********************
BEFORE: 
[[  0   0   4  64]
 [  0   2   8   4]
 [  0   4 128  16]
 [  0   8   2   8]]

*********************
AFTER: 
[[  2   2   4  64]
 [  0   4   8   4]
 [  0   8 128  16]
 [  0   0   2   8]]

TIME TAKEN FOR STEP: 90.0009963461

*********************

BRANCHES: 30
AI SELECT ACTION: r
*********************
BEFORE: 
[[  2   2   4  64]
 [  0   4   8   4]
 [  0   8 128  16]
 [  0   0   2   8]]

*********************
AFTER: 
[[  2   4   4  64]
 [  0   4   8   4]
 [  0   8 128  16]
 [  0   0   2   8]]

TIME TAKEN FOR STEP: 90.0071545707

*********************

BRANCHES: 42
AI SELECT ACTION: l
*********************
BEFORE: 
[[  2   4   4  64]
 [  0   4   8   4]
 [  0   8 128  16]
 [  0   0   2   8]]

*********************
AFTER: 
[[  2   8  64   2]
 [  4   8   4   0]
 [  8 128  16   0]
 [  2   8   0   0]]

TIME TAKEN FOR STEP: 90.0064320025

*********************

BRANCHES: 28
AI SELECT ACTION: u
*********************
BEFORE: 
[[  2   8  64   2]
 [  4   8   4   0]
 [  8 128  16   0]
 [  2   8   0   0]]

*********************
AFTER: 
[[  2  16  64   2]
 [  4 128   4   0]
 [  8   8  16   0]
 [  2   0   0   2]]

TIME TAKEN FOR STEP: 90.0136252893

*********************

BRANCHES: 46
AI SELECT ACTION: u
*********************
BEFORE: 
[[  2  16  64   2]
 [  4 128   4   0]
 [  8   8  16   0]
 [  2   0   0   2]]

*********************
AFTER: 
[[  2  16  64   4]
 [  4 128   4   0]
 [  8   8  16   0]
 [  2   0   2   0]]

TIME TAKEN FOR STEP: 89.9982660734

*********************

BRANCHES: 34
AI SELECT ACTION: l
*********************
BEFORE: 
[[  2  16  64   4]
 [  4 128   4   0]
 [  8   8  16   0]
 [  2   0   2   0]]

*********************
AFTER: 
[[  2  16  64   4]
 [  4 128   4   0]
 [ 32   0   0   0]
 [  4   0   4   0]]

TIME TAKEN FOR STEP: 90.0072450399

*********************

BRANCHES: 56
AI SELECT ACTION: d
*********************
BEFORE: 
[[  2  16  64   4]
 [  4 128   4   0]
 [ 32   0   0   0]
 [  4   0   4   0]]

*********************
AFTER: 
[[  2   0   0   2]
 [  4   0   0   0]
 [ 32  16  64   0]
 [  4 128   8   4]]

TIME TAKEN FOR STEP: 90.0065054841

*********************

BRANCHES: 52
AI SELECT ACTION: u
*********************
BEFORE: 
[[  2   0   0   2]
 [  4   0   0   0]
 [ 32  16  64   0]
 [  4 128   8   4]]

*********************
AFTER: 
[[  2  16  64   2]
 [  4 128   8   4]
 [ 32   0   2   0]
 [  4   0   0   0]]

TIME TAKEN FOR STEP: 90.0038727917

*********************

BRANCHES: 30
AI SELECT ACTION: r
*********************
BEFORE: 
[[  2  16  64   2]
 [  4 128   8   4]
 [ 32   0   2   0]
 [  4   0   0   0]]

*********************
AFTER: 
[[  2  16  64   2]
 [  4 128   8   4]
 [  0   2  32   2]
 [  0   0   0   4]]

TIME TAKEN FOR STEP: 90.005120002

*********************

BRANCHES: 16
AI SELECT ACTION: l
*********************
BEFORE: 
[[  2  16  64   2]
 [  4 128   8   4]
 [  0   2  32   2]
 [  0   0   0   4]]

*********************
AFTER: 
[[  2  16  64   2]
 [  4 128   8   4]
 [  2  32   2   0]
 [  4   2   0   0]]

TIME TAKEN FOR STEP: 90.0046396068

*********************

BRANCHES: 12
AI SELECT ACTION: r
*********************
BEFORE: 
[[  2  16  64   2]
 [  4 128   8   4]
 [  2  32   2   0]
 [  4   2   0   0]]

*********************
AFTER: 
[[  2  16  64   2]
 [  4 128   8   4]
 [  0   2  32   2]
 [  2   0   4   2]]

TIME TAKEN FOR STEP: 350.573534646

*********************

BRANCHES: 22
AI SELECT ACTION: l
*********************
BEFORE: 
[[  2  16  64   2]
 [  4 128   8   4]
 [  0   2  32   2]
 [  2   0   4   2]]

*********************
AFTER: 
[[  2  16  64   2]
 [  4 128   8   4]
 [  2  32   2   0]
 [  2   4   2   2]]

TIME TAKEN FOR STEP: 90.0183624764

*********************

BRANCHES: 24
AI SELECT ACTION: l
*********************
BEFORE: 
[[  2  16  64   2]
 [  4 128   8   4]
 [  2  32   2   0]
 [  2   4   2   2]]

*********************
AFTER: 
[[  2  16  64   2]
 [  4 128   8   4]
 [  2  32   2   2]
 [  2   4   4   0]]

TIME TAKEN FOR STEP: 90.0003614816

*********************

BRANCHES: 22
AI SELECT ACTION: d
*********************
BEFORE: 
[[  2  16  64   2]
 [  4 128   8   4]
 [  2  32   2   2]
 [  2   4   4   0]]

*********************
AFTER: 
[[  0  16  64   0]
 [  2 128   8   2]
 [  2  32   2   4]
 [  8   4   4   2]]

TIME TAKEN FOR STEP: 90.0021416305

*********************

BRANCHES: 26
AI SELECT ACTION: r
*********************
BEFORE: 
[[  0  16  64   0]
 [  2 128   8   2]
 [  2  32   2   4]
 [  8   4   4   2]]

*********************
AFTER: 
[[  0   0  16  64]
 [  2 128   8   2]
 [  2  32   2   4]
 [  0   2  16   2]]

TIME TAKEN FOR STEP: 90.0024564948

*********************

BRANCHES: 22
AI SELECT ACTION: d
*********************
BEFORE: 
[[  0   0  16  64]
 [  2 128   8   2]
 [  2  32   2   4]
 [  0   2  16   2]]

*********************
AFTER: 
[[  0   2  16  64]
 [  0 128   8   2]
 [  0  32   2   4]
 [  4   2  16   2]]

TIME TAKEN FOR STEP: 90.001065877

*********************

BRANCHES: 12
AI SELECT ACTION: u
*********************
BEFORE: 
[[  0   2  16  64]
 [  0 128   8   2]
 [  0  32   2   4]
 [  4   2  16   2]]

*********************
AFTER: 
[[  4   2  16  64]
 [  2 128   8   2]
 [  0  32   2   4]
 [  0   2  16   2]]

TIME TAKEN FOR STEP: 90.0058022739

*********************

BRANCHES: 8
AI SELECT ACTION: l
*********************
BEFORE: 
[[  4   2  16  64]
 [  2 128   8   2]
 [  0  32   2   4]
 [  0   2  16   2]]

*********************
AFTER: 
[[  4   2  16  64]
 [  2 128   8   2]
 [ 32   2   4   2]
 [  2  16   2   0]]

TIME TAKEN FOR STEP: 90.0015802475

*********************

BRANCHES: 10
AI SELECT ACTION: d
*********************
BEFORE: 
[[  4   2  16  64]
 [  2 128   8   2]
 [ 32   2   4   2]
 [  2  16   2   0]]

*********************
AFTER: 
[[  4   2  16   4]
 [  2 128   8   0]
 [ 32   2   4  64]
 [  2  16   2   4]]

TIME TAKEN FOR STEP: 89.9995808393

*********************

BRANCHES: 6
AI SELECT ACTION: u
*********************
BEFORE: 
[[  4   2  16   4]
 [  2 128   8   0]
 [ 32   2   4  64]
 [  2  16   2   4]]

*********************
AFTER: 
[[  4   2  16   4]
 [  2 128   8  64]
 [ 32   2   4   4]
 [  2  16   2   2]]

TIME TAKEN FOR STEP: 90.0107496339

*********************

BRANCHES: 8
AI SELECT ACTION: l
*********************
BEFORE: 
[[  4   2  16   4]
 [  2 128   8  64]
 [ 32   2   4   4]
 [  2  16   2   2]]

*********************
AFTER: 
[[  4   2  16   4]
 [  2 128   8  64]
 [ 32   2   8   4]
 [  2  16   4   0]]

TIME TAKEN FOR STEP: 90.0028353591

*********************

BRANCHES: 12
AI SELECT ACTION: d
*********************
BEFORE: 
[[  4   2  16   4]
 [  2 128   8  64]
 [ 32   2   8   4]
 [  2  16   4   0]]

*********************
AFTER: 
[[  4   2   2   0]
 [  2 128   0   4]
 [ 32   2  32  64]
 [  2  16   4   4]]

TIME TAKEN FOR STEP: 90.0031569395

*********************

BRANCHES: 26
AI SELECT ACTION: r
*********************
BEFORE: 
[[  4   2   2   0]
 [  2 128   0   4]
 [ 32   2  32  64]
 [  2  16   4   4]]

*********************
AFTER: 
[[  2   0   0   8]
 [  0   2 128   4]
 [ 32   2  32  64]
 [  0   2  16   8]]

TIME TAKEN FOR STEP: 90.011280202

*********************

BRANCHES: 36
AI SELECT ACTION: d
*********************
BEFORE: 
[[  2   0   0   8]
 [  0   2 128   4]
 [ 32   2  32  64]
 [  0   2  16   8]]

*********************
AFTER: 
[[  0   0   0   8]
 [  0   2 128   4]
 [  2   2  32  64]
 [ 32   4  16   8]]

TIME TAKEN FOR STEP: 90.0041552609

*********************

BRANCHES: 42
AI SELECT ACTION: d
*********************
BEFORE: 
[[  0   0   0   8]
 [  0   2 128   4]
 [  2   2  32  64]
 [ 32   4  16   8]]

*********************
AFTER: 
[[  0   0   0   8]
 [  0   2 128   4]
 [  2   4  32  64]
 [ 32   4  16   8]]

TIME TAKEN FOR STEP: 90.0085945713

*********************

BRANCHES: 28
AI SELECT ACTION: d
*********************
BEFORE: 
[[  0   0   0   8]
 [  0   2 128   4]
 [  2   4  32  64]
 [ 32   4  16   8]]

*********************
AFTER: 
[[  2   0   0   8]
 [  0   0 128   4]
 [  2   2  32  64]
 [ 32   8  16   8]]

TIME TAKEN FOR STEP: 90.0037432114

*********************

BRANCHES: 40
AI SELECT ACTION: d
*********************
BEFORE: 
[[  2   0   0   8]
 [  0   0 128   4]
 [  2   2  32  64]
 [ 32   8  16   8]]

*********************
AFTER: 
[[  2   0   0   8]
 [  0   0 128   4]
 [  4   2  32  64]
 [ 32   8  16   8]]

TIME TAKEN FOR STEP: 90.0022716058

*********************

BRANCHES: 32
AI SELECT ACTION: l
*********************
BEFORE: 
[[  2   0   0   8]
 [  0   0 128   4]
 [  4   2  32  64]
 [ 32   8  16   8]]

*********************
AFTER: 
[[  2   8   2   0]
 [128   4   0   0]
 [  4   2  32  64]
 [ 32   8  16   8]]

TIME TAKEN FOR STEP: 90.0002330865

*********************

BRANCHES: 18
AI SELECT ACTION: d
*********************
BEFORE: 
[[  2   8   2   0]
 [128   4   0   0]
 [  4   2  32  64]
 [ 32   8  16   8]]

*********************
AFTER: 
[[  2   8   0   2]
 [128   4   2   0]
 [  4   2  32  64]
 [ 32   8  16   8]]

TIME TAKEN FOR STEP: 90.0027425196

*********************

BRANCHES: 16
AI SELECT ACTION: r
*********************
BEFORE: 
[[  2   8   0   2]
 [128   4   2   0]
 [  4   2  32  64]
 [ 32   8  16   8]]

*********************
AFTER: 
[[  0   2   8   2]
 [  2 128   4   2]
 [  4   2  32  64]
 [ 32   8  16   8]]

TIME TAKEN FOR STEP: 90.0023261244

*********************

BRANCHES: 10
AI SELECT ACTION: u
*********************
BEFORE: 
[[  0   2   8   2]
 [  2 128   4   2]
 [  4   2  32  64]
 [ 32   8  16   8]]

*********************
AFTER: 
[[  2   2   8   4]
 [  4 128   4  64]
 [ 32   2  32   8]
 [  2   8  16   0]]

TIME TAKEN FOR STEP: 5960.37630672

*********************

BRANCHES: 10
AI SELECT ACTION: r
*********************
BEFORE: 
[[  2   2   8   4]
 [  4 128   4  64]
 [ 32   2  32   8]
 [  2   8  16   0]]

*********************
AFTER: 
[[  0   4   8   4]
 [  4 128   4  64]
 [ 32   2  32   8]
 [  2   2   8  16]]

TIME TAKEN FOR STEP: 90.0045120018

*********************

BRANCHES: 16
AI SELECT ACTION: u
*********************
BEFORE: 
[[  0   4   8   4]
 [  4 128   4  64]
 [ 32   2  32   8]
 [  2   2   8  16]]

*********************
AFTER: 
[[  4   4   8   4]
 [ 32 128   4  64]
 [  2   4  32   8]
 [  0   2   8  16]]

TIME TAKEN FOR STEP: 90.0062850395

*********************

BRANCHES: 12
AI SELECT ACTION: l
*********************
BEFORE: 
[[  4   4   8   4]
 [ 32 128   4  64]
 [  2   4  32   8]
 [  0   2   8  16]]

*********************
AFTER: 
[[ 16   4   0   0]
 [ 32 128   4  64]
 [  2   4  32   8]
 [  2   8  16   2]]

TIME TAKEN FOR STEP: 90.001697976

*********************

BRANCHES: 16
AI SELECT ACTION: u
*********************
BEFORE: 
[[ 16   4   0   0]
 [ 32 128   4  64]
 [  2   4  32   8]
 [  2   8  16   2]]

*********************
AFTER: 
[[ 16   4   4  64]
 [ 32 128  32   8]
 [  4   4  16   2]
 [  2   8   0   0]]

TIME TAKEN FOR STEP: 90.0057303726

*********************

BRANCHES: 20
AI SELECT ACTION: d
*********************
BEFORE: 
[[ 16   4   4  64]
 [ 32 128  32   8]
 [  4   4  16   2]
 [  2   8   0   0]]

*********************
AFTER: 
[[ 16   4   2   0]
 [ 32 128   4  64]
 [  4   4  32   8]
 [  2   8  16   2]]

TIME TAKEN FOR STEP: 90.0027160505

*********************

BRANCHES: 10
AI SELECT ACTION: u
*********************
BEFORE: 
[[ 16   4   2   0]
 [ 32 128   4  64]
 [  4   4  32   8]
 [  2   8  16   2]]

*********************
AFTER: 
[[ 16   4   2  64]
 [ 32 128   4   8]
 [  4   4  32   2]
 [  2   8  16   2]]

TIME TAKEN FOR STEP: 90.0046972858

*********************

BRANCHES: 8
AI SELECT ACTION: u
*********************
BEFORE: 
[[ 16   4   2  64]
 [ 32 128   4   8]
 [  4   4  32   2]
 [  2   8  16   2]]

*********************
AFTER: 
[[ 16   4   2  64]
 [ 32 128   4   8]
 [  4   4  32   4]
 [  2   8  16   2]]

TIME TAKEN FOR STEP: 90.0050982736

*********************

BRANCHES: 4
AI SELECT ACTION: r
*********************
BEFORE: 
[[ 16   4   2  64]
 [ 32 128   4   8]
 [  4   4  32   4]
 [  2   8  16   2]]

*********************
AFTER: 
[[ 16   4   2  64]
 [ 32 128   4   8]
 [  2   8  32   4]
 [  2   8  16   2]]

TIME TAKEN FOR STEP: 90.0023715565

*********************

BRANCHES: 8
AI SELECT ACTION: u
*********************
BEFORE: 
[[ 16   4   2  64]
 [ 32 128   4   8]
 [  2   8  32   4]
 [  2   8  16   2]]

*********************
AFTER: 
[[ 16   4   2  64]
 [ 32 128   4   8]
 [  4  16  32   4]
 [  0   2  16   2]]

TIME TAKEN FOR STEP: 90.0011654326

*********************

BRANCHES: 4
AI SELECT ACTION: l
*********************
BEFORE: 
[[ 16   4   2  64]
 [ 32 128   4   8]
 [  4  16  32   4]
 [  0   2  16   2]]

*********************
AFTER: 
[[ 16   4   2  64]
 [ 32 128   4   8]
 [  4  16  32   4]
 [  2  16   2   2]]

TIME TAKEN FOR STEP: 90.0026725936

*********************

BRANCHES: 8
AI SELECT ACTION: d
*********************
BEFORE: 
[[ 16   4   2  64]
 [ 32 128   4   8]
 [  4  16  32   4]
 [  2  16   2   2]]

*********************
AFTER: 
[[ 16   4   2  64]
 [ 32   4   4   8]
 [  4 128  32   4]
 [  2  32   2   2]]

TIME TAKEN FOR STEP: 90.0092531395

*********************

BRANCHES: 14
AI SELECT ACTION: d
*********************
BEFORE: 
[[ 16   4   2  64]
 [ 32   4   4   8]
 [  4 128  32   4]
 [  2  32   2   2]]

*********************
AFTER: 
[[ 16   2   2  64]
 [ 32   8   4   8]
 [  4 128  32   4]
 [  2  32   2   2]]

TIME TAKEN FOR STEP: 90.0015328401

*********************

BRANCHES: 8
AI SELECT ACTION: r
*********************
BEFORE: 
[[ 16   2   2  64]
 [ 32   8   4   8]
 [  4 128  32   4]
 [  2  32   2   2]]

*********************
AFTER: 
[[  0  16   4  64]
 [ 32   8   4   8]
 [  4 128  32   4]
 [  2   2  32   4]]

TIME TAKEN FOR STEP: 90.0072719041

*********************

BRANCHES: 26
AI SELECT ACTION: u
*********************
BEFORE: 
[[  0  16   4  64]
 [ 32   8   4   8]
 [  4 128  32   4]
 [  2   2  32   4]]

*********************
AFTER: 
[[ 32  16   8  64]
 [  4   8  64   8]
 [  2 128   2   8]
 [  0   2   0   0]]

TIME TAKEN FOR STEP: 90.0179626738

*********************

BRANCHES: 28
AI SELECT ACTION: d
*********************
BEFORE: 
[[ 32  16   8  64]
 [  4   8  64   8]
 [  2 128   2   8]
 [  0   2   0   0]]

*********************
AFTER: 
[[  0  16   2   0]
 [ 32   8   8   0]
 [  4 128  64  64]
 [  2   2   2  16]]

TIME TAKEN FOR STEP: 89.9947401461

*********************

BRANCHES: 32
AI SELECT ACTION: l
*********************
BEFORE: 
[[  0  16   2   0]
 [ 32   8   8   0]
 [  4 128  64  64]
 [  2   2   2  16]]

*********************
AFTER: 
[[ 16   2   2   0]
 [ 32  16   0   0]
 [  4 128 128   0]
 [  4   2  16   0]]

TIME TAKEN FOR STEP: 90.009313979

*********************

BRANCHES: 52
AI SELECT ACTION: d
*********************
BEFORE: 
[[ 16   2   2   0]
 [ 32  16   0   0]
 [  4 128 128   0]
 [  4   2  16   0]]

*********************
AFTER: 
[[  0   2   2   0]
 [ 16  16   2   0]
 [ 32 128 128   0]
 [  8   2  16   0]]

TIME TAKEN FOR STEP: 90.0087913121

*********************

BRANCHES: 56
AI SELECT ACTION: l
*********************
BEFORE: 
[[  0   2   2   0]
 [ 16  16   2   0]
 [ 32 128 128   0]
 [  8   2  16   0]]

*********************
AFTER: 
[[  4   2   0   0]
 [ 32   2   0   0]
 [ 32 256   0   0]
 [  8   2  16   0]]

TIME TAKEN FOR STEP: 90.0174712168

*********************

BRANCHES: 50
AI SELECT ACTION: r
*********************
BEFORE: 
[[  4   2   0   0]
 [ 32   2   0   0]
 [ 32 256   0   0]
 [  8   2  16   0]]

*********************
AFTER: 
[[  0   0   4   2]
 [  0   0  32   2]
 [  2   0  32 256]
 [  0   8   2  16]]

TIME TAKEN FOR STEP: 13973.9758609

*********************

BRANCHES: 56
AI SELECT ACTION: u
*********************
BEFORE: 
[[  0   0   4   2]
 [  0   0  32   2]
 [  2   0  32 256]
 [  0   8   2  16]]

*********************
AFTER: 
[[  2   8   4   4]
 [  0   0  64 256]
 [  2   0   2  16]
 [  0   0   0   0]]

TIME TAKEN FOR STEP: 90.001481087

*********************

BRANCHES: 70
AI SELECT ACTION: u
*********************
BEFORE: 
[[  2   8   4   4]
 [  0   0  64 256]
 [  2   0   2  16]
 [  0   0   0   0]]

*********************
AFTER: 
[[  4   8   4   4]
 [  0   0  64 256]
 [  0   0   2  16]
 [  0   0   0   2]]

TIME TAKEN FOR STEP: 574.692662002

*********************

BRANCHES: 48
AI SELECT ACTION: r
*********************
BEFORE: 
[[  4   8   4   4]
 [  0   0  64 256]
 [  0   0   2  16]
 [  0   0   0   2]]

*********************
AFTER: 
[[  0   0   4  16]
 [  0   0  64 256]
 [  0   0   2  16]
 [  2   0   0   2]]

TIME TAKEN FOR STEP: 90.001034272

*********************

BRANCHES: 68
AI SELECT ACTION: l
*********************
BEFORE: 
[[  0   0   4  16]
 [  0   0  64 256]
 [  0   0   2  16]
 [  2   0   0   2]]

*********************
AFTER: 
[[  4  16   2   0]
 [ 64 256   0   0]
 [  2  16   0   0]
 [  4   0   0   0]]

TIME TAKEN FOR STEP: 90.0030001

*********************

BRANCHES: 32
AI SELECT ACTION: d
*********************
BEFORE: 
[[  4  16   2   0]
 [ 64 256   0   0]
 [  2  16   0   0]
 [  4   0   0   0]]

*********************
AFTER: 
[[  4   0   0   0]
 [ 64  16   0   2]
 [  2 256   0   0]
 [  4  16   2   0]]

TIME TAKEN FOR STEP: 90.0174028711

*********************

BRANCHES: 56
AI SELECT ACTION: l
*********************
BEFORE: 
[[  4   0   0   0]
 [ 64  16   0   2]
 [  2 256   0   0]
 [  4  16   2   0]]

*********************
AFTER: 
[[  4   0   0   0]
 [ 64  16   2   0]
 [  2 256   0   0]
 [  4  16   2   2]]

TIME TAKEN FOR STEP: 90.0128663755

*********************

BRANCHES: 56
AI SELECT ACTION: u
*********************
BEFORE: 
[[  4   0   0   0]
 [ 64  16   2   0]
 [  2 256   0   0]
 [  4  16   2   2]]

*********************
AFTER: 
[[  4  16   4   2]
 [ 64 256   0   0]
 [  2  16   0   0]
 [  4   0   0   2]]

TIME TAKEN FOR STEP: 90.0002575803

*********************

BRANCHES: 52
AI SELECT ACTION: r
*********************
BEFORE: 
[[  4  16   4   2]
 [ 64 256   0   0]
 [  2  16   0   0]
 [  4   0   0   2]]

*********************
AFTER: 
[[  4  16   4   2]
 [  0   0  64 256]
 [  0   2   2  16]
 [  0   0   4   2]]

TIME TAKEN FOR STEP: 90.0022068157

*********************

BRANCHES: 44
AI SELECT ACTION: l
*********************
BEFORE: 
[[  4  16   4   2]
 [  0   0  64 256]
 [  0   2   2  16]
 [  0   0   4   2]]

*********************
AFTER: 
[[  4  16   4   2]
 [ 64 256   0   0]
 [  4  16   0   0]
 [  4   2   2   0]]

TIME TAKEN FOR STEP: 90.0016327908

*********************

BRANCHES: 50
AI SELECT ACTION: r
*********************
BEFORE: 
[[  4  16   4   2]
 [ 64 256   0   0]
 [  4  16   0   0]
 [  4   2   2   0]]

*********************
AFTER: 
[[  4  16   4   2]
 [  0   0  64 256]
 [  0   0   4  16]
 [  0   0   2   8]]

TIME TAKEN FOR STEP: 90.0116914614

*********************

BRANCHES: 24
AI SELECT ACTION: l
*********************
BEFORE: 
[[  4  16   4   2]
 [  0   0  64 256]
 [  0   0   4  16]
 [  0   0   2   8]]

*********************
AFTER: 
[[  4  16   4   2]
 [ 64 256   2   0]
 [  4  16   0   0]
 [  2   8   0   0]]

TIME TAKEN FOR STEP: 90.0018947168

*********************

BRANCHES: 20
AI SELECT ACTION: d
*********************
BEFORE: 
[[  4  16   4   2]
 [ 64 256   2   0]
 [  4  16   0   0]
 [  2   8   0   0]]

*********************
AFTER: 
[[  4  16   2   0]
 [ 64 256   0   0]
 [  4  16   4   0]
 [  2   8   2   2]]

TIME TAKEN FOR STEP: 90.0016671612

*********************

BRANCHES: 36
AI SELECT ACTION: l
*********************
BEFORE: 
[[  4  16   2   0]
 [ 64 256   0   0]
 [  4  16   4   0]
 [  2   8   2   2]]

*********************
AFTER: 
[[  4  16   2   2]
 [ 64 256   0   0]
 [  4  16   4   0]
 [  2   8   4   0]]

TIME TAKEN FOR STEP: 90.0013827166

*********************

BRANCHES: 40
AI SELECT ACTION: r
*********************
BEFORE: 
[[  4  16   2   2]
 [ 64 256   0   0]
 [  4  16   4   0]
 [  2   8   4   0]]

*********************
AFTER: 
[[  0   4  16   4]
 [  0   0  64 256]
 [  2   4  16   4]
 [  0   2   8   4]]

TIME TAKEN FOR STEP: 90.0030032604

*********************

BRANCHES: 32
AI SELECT ACTION: u
*********************
BEFORE: 
[[  0   4  16   4]
 [  0   0  64 256]
 [  2   4  16   4]
 [  0   2   8   4]]

*********************
AFTER: 
[[  2   8  16   4]
 [  2   2  64 256]
 [  0   0  16   8]
 [  0   0   8   0]]

TIME TAKEN FOR STEP: 90.0014060252

*********************

BRANCHES: 48
AI SELECT ACTION: d
*********************
BEFORE: 
[[  2   8  16   4]
 [  2   2  64 256]
 [  0   0  16   8]
 [  0   0   8   0]]

*********************
AFTER: 
[[  0   2  16   0]
 [  0   0  64   4]
 [  0   8  16 256]
 [  4   2   8   8]]

TIME TAKEN FOR STEP: 90.002885532

*********************

BRANCHES: 44
AI SELECT ACTION: r
*********************
BEFORE: 
[[  0   2  16   0]
 [  0   0  64   4]
 [  0   8  16 256]
 [  4   2   8   8]]

*********************
AFTER: 
[[  0   0   2  16]
 [  0   0  64   4]
 [  0   8  16 256]
 [  2   4   2  16]]

TIME TAKEN FOR STEP: 90.003108742

STARTING BOARD: 
[[  0   0   2  16]
 [  0   0  64   4]
 [  0   8  16 256]
 [  2   4   2  16]]

*********************

BRANCHES: 20
AI SELECT ACTION: l
*********************
BEFORE: 
[[  0   0   2  16]
 [  0   0  64   4]
 [  0   8  16 256]
 [  2   4   2  16]]

*********************
AFTER: 
[[  2  16   0   0]
 [ 64   4   2   0]
 [  8  16 256   0]
 [  2   4   2  16]]

TIME TAKEN FOR STEP: 90.000846618

*********************

BRANCHES: 16
AI SELECT ACTION: u
*********************
BEFORE: 
[[  2  16   0   0]
 [ 64   4   2   0]
 [  8  16 256   0]
 [  2   4   2  16]]

*********************
AFTER: 
[[  2  16   2  16]
 [ 64   4 256   0]
 [  8  16   2   0]
 [  2   4   0   2]]

TIME TAKEN FOR STEP: 90.0020732856

*********************

BRANCHES: 24
AI SELECT ACTION: u
*********************
BEFORE: 
[[  2  16   2  16]
 [ 64   4 256   0]
 [  8  16   2   0]
 [  2   4   0   2]]

*********************
AFTER: 
[[  2  16   2  16]
 [ 64   4 256   2]
 [  8  16   2   2]
 [  2   4   0   0]]

TIME TAKEN FOR STEP: 90.0018662731

*********************

BRANCHES: 24
AI SELECT ACTION: d
*********************
BEFORE: 
[[  2  16   2  16]
 [ 64   4 256   2]
 [  8  16   2   2]
 [  2   4   0   0]]

*********************
AFTER: 
[[  2  16   2   0]
 [ 64   4   2   0]
 [  8  16 256  16]
 [  2   4   2   4]]

TIME TAKEN FOR STEP: 90.0022976808

*********************

BRANCHES: 16
AI SELECT ACTION: d
*********************
BEFORE: 
[[  2  16   2   0]
 [ 64   4   2   0]
 [  8  16 256  16]
 [  2   4   2   4]]

*********************
AFTER: 
[[  2  16   0   0]
 [ 64   4   4   2]
 [  8  16 256  16]
 [  2   4   2   4]]

TIME TAKEN FOR STEP: 90.0013317541

*********************

BRANCHES: 16
AI SELECT ACTION: l
*********************
BEFORE: 
[[  2  16   0   0]
 [ 64   4   4   2]
 [  8  16 256  16]
 [  2   4   2   4]]

*********************
AFTER: 
[[  2  16   2   0]
 [ 64   8   2   0]
 [  8  16 256  16]
 [  2   4   2   4]]

TIME TAKEN FOR STEP: 90.0037866697

*********************

BRANCHES: 16
AI SELECT ACTION: d
*********************
BEFORE: 
[[  2  16   2   0]
 [ 64   8   2   0]
 [  8  16 256  16]
 [  2   4   2   4]]

*********************
AFTER: 
[[  2  16   0   2]
 [ 64   8   4   0]
 [  8  16 256  16]
 [  2   4   2   4]]

TIME TAKEN FOR STEP: 90.0026176811

*********************

BRANCHES: 16
AI SELECT ACTION: d
*********************
BEFORE: 
[[  2  16   0   2]
 [ 64   8   4   0]
 [  8  16 256  16]
 [  2   4   2   4]]

*********************
AFTER: 
[[  2  16   0   2]
 [ 64   8   4   2]
 [  8  16 256  16]
 [  2   4   2   4]]

TIME TAKEN FOR STEP: 90.0009374822

*********************

BRANCHES: 12
AI SELECT ACTION: u
*********************
BEFORE: 
[[  2  16   0   2]
 [ 64   8   4   2]
 [  8  16 256  16]
 [  2   4   2   4]]

*********************
AFTER: 
[[  2  16   4   4]
 [ 64   8 256  16]
 [  8  16   2   4]
 [  2   4   0   2]]

TIME TAKEN FOR STEP: 90.0024782242

*********************

BRANCHES: 10
AI SELECT ACTION: r
*********************
BEFORE: 
[[  2  16   4   4]
 [ 64   8 256  16]
 [  8  16   2   4]
 [  2   4   0   2]]

*********************
AFTER: 
[[  2   2  16   8]
 [ 64   8 256  16]
 [  8  16   2   4]
 [  0   2   4   2]]

TIME TAKEN FOR STEP: 90.0010208403

*********************

BRANCHES: 10
AI SELECT ACTION: r
*********************
BEFORE: 
[[  2   2  16   8]
 [ 64   8 256  16]
 [  8  16   2   4]
 [  0   2   4   2]]

*********************
AFTER: 
[[  4   4  16   8]
 [ 64   8 256  16]
 [  8  16   2   4]
 [  0   2   4   2]]

TIME TAKEN FOR STEP: 90.0022190635

*********************

BRANCHES: 10
AI SELECT ACTION: l
*********************
BEFORE: 
[[  4   4  16   8]
 [ 64   8 256  16]
 [  8  16   2   4]
 [  0   2   4   2]]

*********************
AFTER: 
[[  8  16   8   0]
 [ 64   8 256  16]
 [  8  16   2   4]
 [  2   4   2   2]]

TIME TAKEN FOR STEP: 90.0018279521

*********************

BRANCHES: 18
AI SELECT ACTION: u
*********************
BEFORE: 
[[  8  16   8   0]
 [ 64   8 256  16]
 [  8  16   2   4]
 [  2   4   2   2]]

*********************
AFTER: 
[[  8  16   8  16]
 [ 64   8 256   4]
 [  8  16   4   2]
 [  2   4   2   0]]

TIME TAKEN FOR STEP: 90.0015636556

*********************

BRANCHES: 4
AI SELECT ACTION: r
*********************
BEFORE: 
[[  8  16   8  16]
 [ 64   8 256   4]
 [  8  16   4   2]
 [  2   4   2   0]]

*********************
AFTER: 
[[  8  16   8  16]
 [ 64   8 256   4]
 [  8  16   4   2]
 [  2   2   4   2]]

TIME TAKEN FOR STEP: 90.0058046466

*********************

BRANCHES: 16
AI SELECT ACTION: d
*********************
BEFORE: 
[[  8  16   8  16]
 [ 64   8 256   4]
 [  8  16   4   2]
 [  2   2   4   2]]

*********************
AFTER: 
[[  8  16   0   0]
 [ 64   8   8   2]
 [  8  16 256  16]
 [  2   2   8   8]]

TIME TAKEN FOR STEP: 90.0040873119

*********************

BRANCHES: 24
AI SELECT ACTION: l
*********************
BEFORE: 
[[  8  16   0   0]
 [ 64   8   8   2]
 [  8  16 256  16]
 [  2   2   8   8]]

*********************
AFTER: 
[[  8  16   2   0]
 [ 64  16   2   0]
 [  8  16 256  16]
 [  4  16   0   0]]

TIME TAKEN FOR STEP: 90.0026085947

*********************

BRANCHES: 36
AI SELECT ACTION: u
*********************
BEFORE: 
[[  8  16   2   0]
 [ 64  16   2   0]
 [  8  16 256  16]
 [  4  16   0   0]]

*********************
AFTER: 
[[  8  32   4  16]
 [ 64  32 256   0]
 [  8   0   0   0]
 [  4   0   0   2]]

TIME TAKEN FOR STEP: 90.0088426737

*********************

BRANCHES: 52
AI SELECT ACTION: d
*********************
BEFORE: 
[[  8  32   4  16]
 [ 64  32 256   0]
 [  8   0   0   0]
 [  4   0   0   2]]

*********************
AFTER: 
[[  8   2   0   0]
 [ 64   0   0   0]
 [  8   0   4  16]
 [  4  64 256   2]]

TIME TAKEN FOR STEP: 90.0015462728

*********************

BRANCHES: 48
AI SELECT ACTION: l
*********************
BEFORE: 
[[  8   2   0   0]
 [ 64   0   0   0]
 [  8   0   4  16]
 [  4  64 256   2]]

*********************
AFTER: 
[[  8   2   2   0]
 [ 64   0   0   0]
 [  8   4  16   0]
 [  4  64 256   2]]

TIME TAKEN FOR STEP: 90.0021033103

*********************

BRANCHES: 44
AI SELECT ACTION: u
*********************
BEFORE: 
[[  8   2   2   0]
 [ 64   0   0   0]
 [  8   4  16   0]
 [  4  64 256   2]]

*********************
AFTER: 
[[  8   2   2   2]
 [ 64   4  16   0]
 [  8  64 256   0]
 [  4   0   0   2]]

TIME TAKEN FOR STEP: 90.0013206924

*********************

BRANCHES: 40
AI SELECT ACTION: l
*********************
BEFORE: 
[[  8   2   2   2]
 [ 64   4  16   0]
 [  8  64 256   0]
 [  4   0   0   2]]

*********************
AFTER: 
[[  8   4   2   0]
 [ 64   4  16   0]
 [  8  64 256   0]
 [  4   2   2   0]]

TIME TAKEN FOR STEP: 90.0024406933

*********************

BRANCHES: 42
AI SELECT ACTION: r
*********************
BEFORE: 
[[  8   4   2   0]
 [ 64   4  16   0]
 [  8  64 256   0]
 [  4   2   2   0]]

*********************
AFTER: 
[[  2   8   4   2]
 [  0  64   4  16]
 [  0   8  64 256]
 [  0   0   0   8]]

TIME TAKEN FOR STEP: 90.0083701795

*********************

BRANCHES: 34
AI SELECT ACTION: d
*********************
BEFORE: 
[[  2   8   4   2]
 [  0  64   4  16]
 [  0   8  64 256]
 [  0   0   0   8]]

*********************
AFTER: 
[[  0   0   2   2]
 [  0   8   0  16]
 [  0  64   8 256]
 [  2   8  64   8]]

TIME TAKEN FOR STEP: 90.0047715593

*********************

BRANCHES: 44
AI SELECT ACTION: l
*********************
BEFORE: 
[[  0   0   2   2]
 [  0   8   0  16]
 [  0  64   8 256]
 [  2   8  64   8]]

*********************
AFTER: 
[[  4   0   0   0]
 [  8  16   0   0]
 [ 64   8 256   2]
 [  2   8  64   8]]

TIME TAKEN FOR STEP: 90.006196153

*********************

BRANCHES: 36
AI SELECT ACTION: u
*********************
BEFORE: 
[[  4   0   0   0]
 [  8  16   0   0]
 [ 64   8 256   2]
 [  2   8  64   8]]

*********************
AFTER: 
[[  4  16 256   2]
 [  8  16  64   8]
 [ 64   0   0   2]
 [  2   0   0   0]]

TIME TAKEN FOR STEP: 90.005393782

*********************

BRANCHES: 44
AI SELECT ACTION: l
*********************
BEFORE: 
[[  4  16 256   2]
 [  8  16  64   8]
 [ 64   0   0   2]
 [  2   0   0   0]]

*********************
AFTER: 
[[  4  16 256   2]
 [  8  16  64   8]
 [ 64   2   0   2]
 [  2   0   0   0]]

TIME TAKEN FOR STEP: 90.0012697294

*********************

BRANCHES: 40
AI SELECT ACTION: u
*********************
BEFORE: 
[[  4  16 256   2]
 [  8  16  64   8]
 [ 64   2   0   2]
 [  2   0   0   0]]

*********************
AFTER: 
[[  4  32 256   2]
 [  8   2  64   8]
 [ 64   0   0   2]
 [  2   2   0   0]]

TIME TAKEN FOR STEP: 90.0021226683

*********************

BRANCHES: 40
AI SELECT ACTION: l
*********************
BEFORE: 
[[  4  32 256   2]
 [  8   2  64   8]
 [ 64   0   0   2]
 [  2   2   0   0]]

*********************
AFTER: 
[[  4  32 256   2]
 [  8   2  64   8]
 [ 64   2   0   0]
 [  4   4   0   0]]

TIME TAKEN FOR STEP: 90.0065892398

*********************

BRANCHES: 42
AI SELECT ACTION: r
*********************
BEFORE: 
[[  4  32 256   2]
 [  8   2  64   8]
 [ 64   2   0   0]
 [  4   4   0   0]]

*********************
AFTER: 
[[  4  32 256   2]
 [  8   2  64   8]
 [  0   0  64   2]
 [  0   2   0   8]]

TIME TAKEN FOR STEP: 90.0055071648

*********************

BRANCHES: 40
AI SELECT ACTION: d
*********************
BEFORE: 
[[  4  32 256   2]
 [  8   2  64   8]
 [  0   0  64   2]
 [  0   2   0   8]]

*********************
AFTER: 
[[  0   2   0   2]
 [  0   0   0   8]
 [  4  32 256   2]
 [  8   4 128   8]]

TIME TAKEN FOR STEP: 90.000821729

*********************

BRANCHES: 44
AI SELECT ACTION: r
*********************
BEFORE: 
[[  0   2   0   2]
 [  0   0   0   8]
 [  4  32 256   2]
 [  8   4 128   8]]

*********************
AFTER: 
[[  0   0   2   4]
 [  0   0   0   8]
 [  4  32 256   2]
 [  8   4 128   8]]

TIME TAKEN FOR STEP: 90.0022309153

*********************

BRANCHES: 30
AI SELECT ACTION: u
*********************
BEFORE: 
[[  0   0   2   4]
 [  0   0   0   8]
 [  4  32 256   2]
 [  8   4 128   8]]

*********************
AFTER: 
[[  4  32   2   4]
 [  8   4 256   8]
 [  0   0 128   2]
 [  0   0   2   8]]

TIME TAKEN FOR STEP: 90.0017935817

*********************

BRANCHES: 16
AI SELECT ACTION: l
*********************
BEFORE: 
[[  4  32   2   4]
 [  8   4 256   8]
 [  0   0 128   2]
 [  0   0   2   8]]

*********************
AFTER: 
[[  4  32   2   4]
 [  8   4 256   8]
 [128   2   0   0]
 [  2   8   0   2]]

TIME TAKEN FOR STEP: 90.0070506722

*********************

BRANCHES: 24
AI SELECT ACTION: d
*********************
BEFORE: 
[[  4  32   2   4]
 [  8   4 256   8]
 [128   2   0   0]
 [  2   8   0   2]]

*********************
AFTER: 
[[  4  32   2   0]
 [  8   4   0   4]
 [128   2   2   8]
 [  2   8 256   2]]

TIME TAKEN FOR STEP: 119.749529876

*********************

BRANCHES: 30
AI SELECT ACTION: l
*********************
BEFORE: 
[[  4  32   2   0]
 [  8   4   0   4]
 [128   2   2   8]
 [  2   8 256   2]]

*********************
AFTER: 
[[  4  32   2   0]
 [  8   8   0   2]
 [128   4   8   0]
 [  2   8 256   2]]

TIME TAKEN FOR STEP: 90.013289492

*********************

BRANCHES: 32
AI SELECT ACTION: d
*********************
BEFORE: 
[[  4  32   2   0]
 [  8   8   0   2]
 [128   4   8   0]
 [  2   8 256   2]]

*********************
AFTER: 
[[  4  32   0   2]
 [  8   8   2   0]
 [128   4   8   0]
 [  2   8 256   4]]

TIME TAKEN FOR STEP: 90.0014340752

*********************

BRANCHES: 28
AI SELECT ACTION: r
*********************
BEFORE: 
[[  4  32   0   2]
 [  8   8   2   0]
 [128   4   8   0]
 [  2   8 256   4]]

*********************
AFTER: 
[[  0   4  32   2]
 [  2   0  16   2]
 [  0 128   4   8]
 [  2   8 256   4]]

TIME TAKEN FOR STEP: 90.0044088924

*********************

BRANCHES: 32
AI SELECT ACTION: u
*********************
BEFORE: 
[[  0   4  32   2]
 [  2   0  16   2]
 [  0 128   4   8]
 [  2   8 256   4]]

*********************
AFTER: 
[[  4   4  32   4]
 [  0 128  16   8]
 [  0   8   4   4]
 [  0   4 256   0]]

TIME TAKEN FOR STEP: 90.0052452387

*********************

BRANCHES: 34
AI SELECT ACTION: r
*********************
BEFORE: 
[[  4   4  32   4]
 [  0 128  16   8]
 [  0   8   4   4]
 [  0   4 256   0]]

*********************
AFTER: 
[[  0   8  32   4]
 [  0 128  16   8]
 [  0   2   0  16]
 [  0   0   4 256]]

TIME TAKEN FOR STEP: 90.0055541772

*********************

BRANCHES: 48
AI SELECT ACTION: u
*********************
BEFORE: 
[[  0   8  32   4]
 [  0 128  16   8]
 [  0   2   0  16]
 [  0   0   4 256]]

*********************
AFTER: 
[[  2   8  32   4]
 [  0 128  16   8]
 [  0   2   4  16]
 [  0   0   0 256]]

TIME TAKEN FOR STEP: 90.0024241007

*********************

BRANCHES: 20
AI SELECT ACTION: d
*********************
BEFORE: 
[[  2   8  32   4]
 [  0 128  16   8]
 [  0   2   4  16]
 [  0   0   0 256]]

*********************
AFTER: 
[[  0   2   0   4]
 [  0   8  32   8]
 [  0 128  16  16]
 [  2   2   4 256]]

TIME TAKEN FOR STEP: 90.0032798051

*********************

BRANCHES: 34
AI SELECT ACTION: u
*********************
BEFORE: 
[[  0   2   0   4]
 [  0   8  32   8]
 [  0 128  16  16]
 [  2   2   4 256]]

*********************
AFTER: 
[[  2   2  32   4]
 [  2   8  16   8]
 [  0 128   4  16]
 [  0   2   0 256]]

TIME TAKEN FOR STEP: 90.0037076573

*********************

BRANCHES: 32
AI SELECT ACTION: r
*********************
BEFORE: 
[[  2   2  32   4]
 [  2   8  16   8]
 [  0 128   4  16]
 [  0   2   0 256]]

*********************
AFTER: 
[[  0   4  32   4]
 [  2   8  16   8]
 [  0 128   4  16]
 [  0   2   2 256]]

TIME TAKEN FOR STEP: 118.615583301

*********************

BRANCHES: 28
AI SELECT ACTION: d
*********************
BEFORE: 
[[  0   4  32   4]
 [  2   8  16   8]
 [  0 128   4  16]
 [  0   2   2 256]]

*********************
AFTER: 
[[  0   4  32   4]
 [  2   8  16   8]
 [  0 128   4  16]
 [  2   2   2 256]]

TIME TAKEN FOR STEP: 90.0068804005

*********************

BRANCHES: 24
AI SELECT ACTION: r
*********************
BEFORE: 
[[  0   4  32   4]
 [  2   8  16   8]
 [  0 128   4  16]
 [  2   2   2 256]]

*********************
AFTER: 
[[  0   4  32   4]
 [  2   8  16   8]
 [  2 128   4  16]
 [  0   2   4 256]]

TIME TAKEN FOR STEP: 90.0024825699

*********************

BRANCHES: 20
AI SELECT ACTION: d
*********************
BEFORE: 
[[  0   4  32   4]
 [  2   8  16   8]
 [  2 128   4  16]
 [  0   2   4 256]]

*********************
AFTER: 
[[  0   4   0   4]
 [  2   8  32   8]
 [  0 128  16  16]
 [  4   2   8 256]]

TIME TAKEN FOR STEP: 90.0008288402

*********************

BRANCHES: 32
AI SELECT ACTION: r
*********************
BEFORE: 
[[  0   4   0   4]
 [  2   8  32   8]
 [  0 128  16  16]
 [  4   2   8 256]]

*********************
AFTER: 
[[  0   2   0   8]
 [  2   8  32   8]
 [  0   0 128  32]
 [  4   2   8 256]]

TIME TAKEN FOR STEP: 90.0045902258

*********************

BRANCHES: 36
AI SELECT ACTION: u
*********************
BEFORE: 
[[  0   2   0   8]
 [  2   8  32   8]
 [  0   0 128  32]
 [  4   2   8 256]]

*********************
AFTER: 
[[  2   2  32  16]
 [  4   8 128  32]
 [  0   2   8 256]
 [  2   0   0   0]]

TIME TAKEN FOR STEP: 90.0013823221

*********************

BRANCHES: 36
AI SELECT ACTION: l
*********************
BEFORE: 
[[  2   2  32  16]
 [  4   8 128  32]
 [  0   2   8 256]
 [  2   0   0   0]]

*********************
AFTER: 
[[  4  32  16   0]
 [  4   8 128  32]
 [  2   8 256   0]
 [  2   0   2   0]]

TIME TAKEN FOR STEP: 90.0017189149

*********************

BRANCHES: 48
AI SELECT ACTION: l
*********************
BEFORE: 
[[  4  32  16   0]
 [  4   8 128  32]
 [  2   8 256   0]
 [  2   0   2   0]]

*********************
AFTER: 
[[  4  32  16   0]
 [  4   8 128  32]
 [  2   8 256   2]
 [  4   0   0   0]]

TIME TAKEN FOR STEP: 90.0014700259

*********************

BRANCHES: 32
AI SELECT ACTION: u
*********************
BEFORE: 
[[  4  32  16   0]
 [  4   8 128  32]
 [  2   8 256   2]
 [  4   0   0   0]]

*********************
AFTER: 
[[  8  32  16  32]
 [  2  16 128   2]
 [  4   0 256   0]
 [  2   0   0   0]]

TIME TAKEN FOR STEP: 90.005884054

*********************

BRANCHES: 30
AI SELECT ACTION: r
*********************
BEFORE: 
[[  8  32  16  32]
 [  2  16 128   2]
 [  4   0 256   0]
 [  2   0   0   0]]

*********************
AFTER: 
[[  8  32  16  32]
 [  2  16 128   2]
 [  0   2   4 256]
 [  0   0   0   2]]

TIME TAKEN FOR STEP: 90.0081370928

*********************

BRANCHES: 16
AI SELECT ACTION: l
*********************
BEFORE: 
[[  8  32  16  32]
 [  2  16 128   2]
 [  0   2   4 256]
 [  0   0   0   2]]

*********************
AFTER: 
[[  8  32  16  32]
 [  2  16 128   2]
 [  2   4 256   0]
 [  2   0   2   0]]

TIME TAKEN FOR STEP: 90.0027504219

*********************

BRANCHES: 32
AI SELECT ACTION: l
*********************
BEFORE: 
[[  8  32  16  32]
 [  2  16 128   2]
 [  2   4 256   0]
 [  2   0   2   0]]

*********************
AFTER: 
[[  8  32  16  32]
 [  2  16 128   2]
 [  2   4 256   0]
 [  4   2   0   0]]

TIME TAKEN FOR STEP: 204.833884313

*********************

BRANCHES: 24
AI SELECT ACTION: d
*********************
BEFORE: 
[[  8  32  16  32]
 [  2  16 128   2]
 [  2   4 256   0]
 [  4   2   0   0]]

*********************
AFTER: 
[[  0  32   0   2]
 [  8  16  16   0]
 [  4   4 128  32]
 [  4   2 256   2]]

TIME TAKEN FOR STEP: 90.0084092906

*********************

BRANCHES: 38
AI SELECT ACTION: u
*********************
BEFORE: 
[[  0  32   0   2]
 [  8  16  16   0]
 [  4   4 128  32]
 [  4   2 256   2]]

*********************
AFTER: 
[[  8  32  16   2]
 [  8  16 128  32]
 [  0   4 256   2]
 [  0   2   2   0]]

TIME TAKEN FOR STEP: 90.0028882986

*********************

BRANCHES: 32
AI SELECT ACTION: l
*********************
BEFORE: 
[[  8  32  16   2]
 [  8  16 128  32]
 [  0   4 256   2]
 [  0   2   2   0]]

*********************
AFTER: 
[[  8  32  16   2]
 [  8  16 128  32]
 [  4 256   2   2]
 [  4   0   0   0]]

TIME TAKEN FOR STEP: 90.0014313098

*********************

BRANCHES: 36
AI SELECT ACTION: u
*********************
BEFORE: 
[[  8  32  16   2]
 [  8  16 128  32]
 [  4 256   2   2]
 [  4   0   0   0]]

*********************
AFTER: 
[[ 16  32  16   2]
 [  8  16 128  32]
 [  0 256   2   2]
 [  2   0   0   0]]

TIME TAKEN FOR STEP: 90.0025078538

*********************

BRANCHES: 36
AI SELECT ACTION: l
*********************
BEFORE: 
[[ 16  32  16   2]
 [  8  16 128  32]
 [  0 256   2   2]
 [  2   0   0   0]]

*********************
AFTER: 
[[ 16  32  16   2]
 [  8  16 128  32]
 [256   4   0   0]
 [  2   0   2   0]]

TIME TAKEN FOR STEP: 90.007303907

*********************

BRANCHES: 36
AI SELECT ACTION: l
*********************
BEFORE: 
[[ 16  32  16   2]
 [  8  16 128  32]
 [256   4   0   0]
 [  2   0   2   0]]

*********************
AFTER: 
[[ 16  32  16   2]
 [  8  16 128  32]
 [256   4   0   0]
 [  4   0   2   0]]

TIME TAKEN FOR STEP: 90.0086759575

*********************

BRANCHES: 32
AI SELECT ACTION: r
*********************
BEFORE: 
[[ 16  32  16   2]
 [  8  16 128  32]
 [256   4   0   0]
 [  4   0   2   0]]

*********************
AFTER: 
[[ 16  32  16   2]
 [  8  16 128  32]
 [  2   0 256   4]
 [  0   0   4   2]]

TIME TAKEN FOR STEP: 90.0031695828

*********************

BRANCHES: 18
AI SELECT ACTION: r
*********************
BEFORE: 
[[ 16  32  16   2]
 [  8  16 128  32]
 [  2   0 256   4]
 [  0   0   4   2]]

*********************
AFTER: 
[[ 16  32  16   2]
 [  8  16 128  32]
 [  0   2 256   4]
 [  0   2   4   2]]

TIME TAKEN FOR STEP: 90.0020701251

*********************

BRANCHES: 16
AI SELECT ACTION: l
*********************
BEFORE: 
[[ 16  32  16   2]
 [  8  16 128  32]
 [  0   2 256   4]
 [  0   2   4   2]]

*********************
AFTER: 
[[ 16  32  16   2]
 [  8  16 128  32]
 [  2 256   4   0]
 [  2   4   2   2]]

TIME TAKEN FOR STEP: 90.0107978357

*********************

BRANCHES: 18
AI SELECT ACTION: l
*********************
BEFORE: 
[[ 16  32  16   2]
 [  8  16 128  32]
 [  2 256   4   0]
 [  2   4   2   2]]

*********************
AFTER: 
[[ 16  32  16   2]
 [  8  16 128  32]
 [  2 256   4   0]
 [  2   4   4   2]]

TIME TAKEN FOR STEP: 90.0026477058

*********************

BRANCHES: 20
AI SELECT ACTION: d
*********************
BEFORE: 
[[ 16  32  16   2]
 [  8  16 128  32]
 [  2 256   4   0]
 [  2   4   4   2]]

*********************
AFTER: 
[[  0  32   4   0]
 [ 16  16  16   2]
 [  8 256 128  32]
 [  4   4   8   2]]

TIME TAKEN FOR STEP: 90.0050797077

*********************

BRANCHES: 22
AI SELECT ACTION: l
*********************
BEFORE: 
[[  0  32   4   0]
 [ 16  16  16   2]
 [  8 256 128  32]
 [  4   4   8   2]]

*********************
AFTER: 
[[ 32   4   0   0]
 [ 32  16   2   2]
 [  8 256 128  32]
 [ 16   2   0   0]]

TIME TAKEN FOR STEP: 90.0023352117

*********************

BRANCHES: 40
AI SELECT ACTION: l
*********************
BEFORE: 
[[ 32   4   0   0]
 [ 32  16   2   2]
 [  8 256 128  32]
 [ 16   2   0   0]]

*********************
AFTER: 
[[ 32   4   0   0]
 [ 32  16   4   4]
 [  8 256 128  32]
 [ 16   2   0   0]]

TIME TAKEN FOR STEP: 396.649567328

*********************

BRANCHES: 40
AI SELECT ACTION: d
*********************
BEFORE: 
[[ 32   4   0   0]
 [ 32  16   4   4]
 [  8 256 128  32]
 [ 16   2   0   0]]

*********************
AFTER: 
[[  0   4   0   0]
 [ 64  16   0   2]
 [  8 256   4   4]
 [ 16   2 128  32]]

TIME TAKEN FOR STEP: 90.003559509

*********************

BRANCHES: 28
AI SELECT ACTION: r
*********************
BEFORE: 
[[  0   4   0   0]
 [ 64  16   0   2]
 [  8 256   4   4]
 [ 16   2 128  32]]

*********************
AFTER: 
[[  0   0   2   4]
 [  0  64  16   2]
 [  0   8 256   8]
 [ 16   2 128  32]]

TIME TAKEN FOR STEP: 90.0022060264

*********************

BRANCHES: 16
AI SELECT ACTION: l
*********************
BEFORE: 
[[  0   0   2   4]
 [  0  64  16   2]
 [  0   8 256   8]
 [ 16   2 128  32]]

*********************
AFTER: 
[[  2   4   2   0]
 [ 64  16   2   0]
 [  8 256   8   0]
 [ 16   2 128  32]]

TIME TAKEN FOR STEP: 90.0064482026

*********************

BRANCHES: 22
AI SELECT ACTION: d
*********************
BEFORE: 
[[  2   4   2   0]
 [ 64  16   2   0]
 [  8 256   8   0]
 [ 16   2 128  32]]

*********************
AFTER: 
[[  2   4   0   0]
 [ 64  16   4   4]
 [  8 256   8   0]
 [ 16   2 128  32]]

TIME TAKEN FOR STEP: 90.0012973837

*********************

BRANCHES: 28
AI SELECT ACTION: l
*********************
BEFORE: 
[[  2   4   0   0]
 [ 64  16   4   4]
 [  8 256   8   0]
 [ 16   2 128  32]]

*********************
AFTER: 
[[  2   4   0   2]
 [ 64  16   8   0]
 [  8 256   8   0]
 [ 16   2 128  32]]

TIME TAKEN FOR STEP: 90.0037135832

*********************

BRANCHES: 28
AI SELECT ACTION: r
*********************
BEFORE: 
[[  2   4   0   2]
 [ 64  16   8   0]
 [  8 256   8   0]
 [ 16   2 128  32]]

*********************
AFTER: 
[[  0   2   4   2]
 [  0  64  16   8]
 [  4   8 256   8]
 [ 16   2 128  32]]

TIME TAKEN FOR STEP: 90.0021752116

*********************

BRANCHES: 16
AI SELECT ACTION: u
*********************
BEFORE: 
[[  0   2   4   2]
 [  0  64  16   8]
 [  4   8 256   8]
 [ 16   2 128  32]]

*********************
AFTER: 
[[  4   2   4   2]
 [ 16  64  16  16]
 [  0   8 256  32]
 [  0   2 128   2]]

TIME TAKEN FOR STEP: 90.0017236557

*********************

BRANCHES: 16
AI SELECT ACTION: l
*********************
BEFORE: 
[[  4   2   4   2]
 [ 16  64  16  16]
 [  0   8 256  32]
 [  0   2 128   2]]

*********************
AFTER: 
[[  4   2   4   2]
 [ 16  64  32   0]
 [  8 256  32   0]
 [  2 128   2   2]]

TIME TAKEN FOR STEP: 90.0070226228

*********************

BRANCHES: 28
AI SELECT ACTION: u
*********************
BEFORE: 
[[  4   2   4   2]
 [ 16  64  32   0]
 [  8 256  32   0]
 [  2 128   2   2]]

*********************
AFTER: 
[[  4   2   4   4]
 [ 16  64  64   0]
 [  8 256   2   4]
 [  2 128   0   0]]

TIME TAKEN FOR STEP: 90.0006518524

*********************

BRANCHES: 36
AI SELECT ACTION: l
*********************
BEFORE: 
[[  4   2   4   4]
 [ 16  64  64   0]
 [  8 256   2   4]
 [  2 128   0   0]]

*********************
AFTER: 
[[  4   2   8   2]
 [ 16 128   0   0]
 [  8 256   2   4]
 [  2 128   0   0]]

TIME TAKEN FOR STEP: 90.0088805996

*********************

BRANCHES: 24
AI SELECT ACTION: r
*********************
BEFORE: 
[[  4   2   8   2]
 [ 16 128   0   0]
 [  8 256   2   4]
 [  2 128   0   0]]

*********************
AFTER: 
[[  4   2   8   2]
 [  0   0  16 128]
 [  8 256   2   4]
 [  0   2   2 128]]

TIME TAKEN FOR STEP: 90.0022202487

*********************

BRANCHES: 32
AI SELECT ACTION: u
*********************
BEFORE: 
[[  4   2   8   2]
 [  0   0  16 128]
 [  8 256   2   4]
 [  0   2   2 128]]

*********************
AFTER: 
[[  4   2   8   2]
 [  8 256  16 128]
 [  0   2   4   4]
 [  2   0   0 128]]

TIME TAKEN FOR STEP: 90.0108491938

*********************

BRANCHES: 28
AI SELECT ACTION: r
*********************
BEFORE: 
[[  4   2   8   2]
 [  8 256  16 128]
 [  0   2   4   4]
 [  2   0   0 128]]

*********************
AFTER: 
[[  4   2   8   2]
 [  8 256  16 128]
 [  2   0   2   8]
 [  0   0   2 128]]

TIME TAKEN FOR STEP: 90.0075156603

*********************

BRANCHES: 32
AI SELECT ACTION: d
*********************
BEFORE: 
[[  4   2   8   2]
 [  8 256  16 128]
 [  2   0   2   8]
 [  0   0   2 128]]

*********************
AFTER: 
[[  2   0   0   2]
 [  4   0   8 128]
 [  8   2  16   8]
 [  2 256   4 128]]

TIME TAKEN FOR STEP: 90.0007948648

*********************

BRANCHES: 22
AI SELECT ACTION: l
*********************
BEFORE: 
[[  2   0   0   2]
 [  4   0   8 128]
 [  8   2  16   8]
 [  2 256   4 128]]

*********************
AFTER: 
[[  4   0   2   0]
 [  4   8 128   0]
 [  8   2  16   8]
 [  2 256   4 128]]

TIME TAKEN FOR STEP: 90.0075180306

*********************

BRANCHES: 30
AI SELECT ACTION: l
*********************
BEFORE: 
[[  4   0   2   0]
 [  4   8 128   0]
 [  8   2  16   8]
 [  2 256   4 128]]

*********************
AFTER: 
[[  4   2   2   0]
 [  4   8 128   0]
 [  8   2  16   8]
 [  2 256   4 128]]

TIME TAKEN FOR STEP: 90.0016422729

*********************

BRANCHES: 28
AI SELECT ACTION: r
*********************
BEFORE: 
[[  4   2   2   0]
 [  4   8 128   0]
 [  8   2  16   8]
 [  2 256   4 128]]

*********************
AFTER: 
[[  0   0   0   8]
 [  4   4   8 128]
 [  8   2  16   8]
 [  2 256   4 128]]

TIME TAKEN FOR STEP: 571.561137826

*********************

BRANCHES: 24
AI SELECT ACTION: l
*********************
BEFORE: 
[[  0   0   0   8]
 [  4   4   8 128]
 [  8   2  16   8]
 [  2 256   4 128]]

*********************
AFTER: 
[[  8   0   4   0]
 [ 16 128   0   0]
 [  8   2  16   8]
 [  2 256   4 128]]

TIME TAKEN FOR STEP: 90.0081228706

*********************

BRANCHES: 32
AI SELECT ACTION: u
*********************
BEFORE: 
[[  8   0   4   0]
 [ 16 128   0   0]
 [  8   2  16   8]
 [  2 256   4 128]]

*********************
AFTER: 
[[  8 128   4   8]
 [ 16   2  16 128]
 [  8 256   4   0]
 [  2   0   0   2]]

TIME TAKEN FOR STEP: 90.0015601

*********************

BRANCHES: 28
AI SELECT ACTION: r
*********************
BEFORE: 
[[  8 128   4   8]
 [ 16   2  16 128]
 [  8 256   4   0]
 [  2   0   0   2]]

*********************
AFTER: 
[[  8 128   4   8]
 [ 16   2  16 128]
 [  0   8 256   4]
 [  2   0   0   4]]

TIME TAKEN FOR STEP: 90.0069005487

*********************

BRANCHES: 28
AI SELECT ACTION: u
*********************
BEFORE: 
[[  8 128   4   8]
 [ 16   2  16 128]
 [  0   8 256   4]
 [  2   0   0   4]]

*********************
AFTER: 
[[  8 128   4   8]
 [ 16   2  16 128]
 [  2   8 256   8]
 [  0   0   2   0]]

TIME TAKEN FOR STEP: 90.0059322516

*********************

BRANCHES: 18
AI SELECT ACTION: l
*********************
BEFORE: 
[[  8 128   4   8]
 [ 16   2  16 128]
 [  2   8 256   8]
 [  0   0   2   0]]

*********************
AFTER: 
[[  8 128   4   8]
 [ 16   2  16 128]
 [  2   8 256   8]
 [  2   2   0   0]]

TIME TAKEN FOR STEP: 90.001299359

*********************

BRANCHES: 24
AI SELECT ACTION: u
*********************
BEFORE: 
[[  8 128   4   8]
 [ 16   2  16 128]
 [  2   8 256   8]
 [  2   2   0   0]]

*********************
AFTER: 
[[  8 128   4   8]
 [ 16   2  16 128]
 [  4   8 256   8]
 [  0   2   0   2]]

TIME TAKEN FOR STEP: 90.0014953098

*********************

BRANCHES: 16
AI SELECT ACTION: l
*********************
BEFORE: 
[[  8 128   4   8]
 [ 16   2  16 128]
 [  4   8 256   8]
 [  0   2   0   2]]

*********************
AFTER: 
[[  8 128   4   8]
 [ 16   2  16 128]
 [  4   8 256   8]
 [  4   0   0   2]]

TIME TAKEN FOR STEP: 90.0017971372

*********************

BRANCHES: 20
AI SELECT ACTION: d
*********************
BEFORE: 
[[  8 128   4   8]
 [ 16   2  16 128]
 [  4   8 256   8]
 [  4   0   0   2]]

*********************
AFTER: 
[[  0   0   2   8]
 [  8 128   4 128]
 [ 16   2  16   8]
 [  8   8 256   2]]

TIME TAKEN FOR STEP: 90.0014629147

*********************

BRANCHES: 16
AI SELECT ACTION: r
*********************
BEFORE: 
[[  0   0   2   8]
 [  8 128   4 128]
 [ 16   2  16   8]
 [  8   8 256   2]]

*********************
AFTER: 
[[  0   0   2   8]
 [  8 128   4 128]
 [ 16   2  16   8]
 [  2  16 256   2]]

TIME TAKEN FOR STEP: 90.00662282

*********************

BRANCHES: 8
AI SELECT ACTION: u
*********************
BEFORE: 
[[  0   0   2   8]
 [  8 128   4 128]
 [ 16   2  16   8]
 [  2  16 256   2]]

*********************
AFTER: 
[[  8 128   2   8]
 [ 16   2   4 128]
 [  2  16  16   8]
 [  0   2 256   2]]

TIME TAKEN FOR STEP: 90.0047644482

*********************

BRANCHES: 10
AI SELECT ACTION: l
*********************
BEFORE: 
[[  8 128   2   8]
 [ 16   2   4 128]
 [  2  16  16   8]
 [  0   2 256   2]]

*********************
AFTER: 
[[  8 128   2   8]
 [ 16   2   4 128]
 [  2  32   8   0]
 [  2 256   2   2]]

TIME TAKEN FOR STEP: 90.0006522474

*********************

BRANCHES: 16
AI SELECT ACTION: r
*********************
BEFORE: 
[[  8 128   2   8]
 [ 16   2   4 128]
 [  2  32   8   0]
 [  2 256   2   2]]

*********************
AFTER: 
[[  8 128   2   8]
 [ 16   2   4 128]
 [  0   2  32   8]
 [  2   2 256   4]]

TIME TAKEN FOR STEP: 90.0071897341

*********************

BRANCHES: 16
AI SELECT ACTION: d
*********************
BEFORE: 
[[  8 128   2   8]
 [ 16   2   4 128]
 [  0   2  32   8]
 [  2   2 256   4]]

*********************
AFTER: 
[[  0   2   2   8]
 [  8 128   4 128]
 [ 16   2  32   8]
 [  2   4 256   4]]

TIME TAKEN FOR STEP: 90.0008750624

*********************

BRANCHES: 10
AI SELECT ACTION: l
*********************
BEFORE: 
[[  0   2   2   8]
 [  8 128   4 128]
 [ 16   2  32   8]
 [  2   4 256   4]]

*********************
AFTER: 
[[  4   8   0   2]
 [  8 128   4 128]
 [ 16   2  32   8]
 [  2   4 256   4]]

TIME TAKEN FOR STEP: 90.0019472608

*********************

BRANCHES: 6
AI SELECT ACTION: u
*********************
BEFORE: 
[[  4   8   0   2]
 [  8 128   4 128]
 [ 16   2  32   8]
 [  2   4 256   4]]

*********************
AFTER: 
[[  4   8   4   2]
 [  8 128  32 128]
 [ 16   2 256   8]
 [  2   4   2   4]]

TIME TAKEN FOR STEP: 90.0045029171

FINISHED: 
[[  4   8   4   2]
 [  8 128  32 128]
 [ 16   2 256   8]
 [  2   4   2   4]]

IS WIN?: 
False

IS LOSE?: 
True

