STARTIG BOARD: 
[[0 0 0 0]
 [2 2 0 0]
 [0 0 0 0]
 [0 0 0 0]]

*********************

BRANCHES: 116
AI SELECT ACTION: d
*********************
BEFORE: 
[[0 0 0 0]
 [2 2 0 0]
 [0 0 0 0]
 [0 0 0 0]]

*********************
AFTER: 
[[0 0 0 0]
 [0 0 0 0]
 [2 0 0 0]
 [2 2 0 0]]

TIME TAKEN FOR STEP: 10.002597927

*********************

BRANCHES: 112
AI SELECT ACTION: u
*********************
BEFORE: 
[[0 0 0 0]
 [0 0 0 0]
 [2 0 0 0]
 [2 2 0 0]]

*********************
AFTER: 
[[4 2 0 0]
 [0 0 0 0]
 [0 0 0 0]
 [0 2 0 0]]

TIME TAKEN FOR STEP: 10.0021179268

*********************

BRANCHES: 108
AI SELECT ACTION: l
*********************
BEFORE: 
[[4 2 0 0]
 [0 0 0 0]
 [0 0 0 0]
 [0 2 0 0]]

*********************
AFTER: 
[[4 2 0 0]
 [0 0 0 0]
 [0 0 0 0]
 [2 0 2 0]]

TIME TAKEN FOR STEP: 10.002502322

*********************

BRANCHES: 100
AI SELECT ACTION: u
*********************
BEFORE: 
[[4 2 0 0]
 [0 0 0 0]
 [0 0 0 0]
 [2 0 2 0]]

*********************
AFTER: 
[[4 2 2 2]
 [2 0 0 0]
 [0 0 0 0]
 [0 0 0 0]]

TIME TAKEN FOR STEP: 10.0023032108

*********************

BRANCHES: 70
AI SELECT ACTION: l
*********************
BEFORE: 
[[4 2 2 2]
 [2 0 0 0]
 [0 0 0 0]
 [0 0 0 0]]

*********************
AFTER: 
[[4 4 2 0]
 [2 0 2 0]
 [0 0 0 0]
 [0 0 0 0]]

TIME TAKEN FOR STEP: 10.0020278527

*********************

BRANCHES: 100
AI SELECT ACTION: u
*********************
BEFORE: 
[[4 4 2 0]
 [2 0 2 0]
 [0 0 0 0]
 [0 0 0 0]]

*********************
AFTER: 
[[4 4 4 0]
 [2 0 0 0]
 [0 0 0 0]
 [2 0 0 0]]

TIME TAKEN FOR STEP: 10.002100149

