STARTIG BOARD: 
[[0 2 0 0]
 [0 0 0 0]
 [0 0 2 0]
 [0 0 0 0]]

*********************

BRANCHES: 112
AI SELECT ACTION: r
*********************
BEFORE: 
[[0 2 0 0]
 [0 0 0 0]
 [0 0 2 0]
 [0 0 0 0]]

*********************
AFTER: 
[[0 0 0 2]
 [0 0 0 0]
 [0 0 0 2]
 [0 2 0 0]]

TIME TAKEN FOR STEP: 90.0026125442

*********************

BRANCHES: 108
AI SELECT ACTION: r
*********************
BEFORE: 
[[0 0 0 2]
 [0 0 0 0]
 [0 0 0 2]
 [0 2 0 0]]

*********************
AFTER: 
[[0 0 0 2]
 [0 0 0 0]
 [0 0 0 2]
 [0 2 0 2]]

TIME TAKEN FOR STEP: 90.0023802479

*********************

BRANCHES: 104
AI SELECT ACTION: r
*********************
BEFORE: 
[[0 0 0 2]
 [0 0 0 0]
 [0 0 0 2]
 [0 2 0 2]]

*********************
AFTER: 
[[0 0 0 2]
 [0 0 0 2]
 [0 0 0 2]
 [0 0 0 4]]

TIME TAKEN FOR STEP: 90.0022585688

*********************

BRANCHES: 76
AI SELECT ACTION: l
*********************
BEFORE: 
[[0 0 0 2]
 [0 0 0 2]
 [0 0 0 2]
 [0 0 0 4]]

*********************
AFTER: 
[[2 0 0 0]
 [2 0 0 0]
 [2 0 0 0]
 [4 0 0 2]]

TIME TAKEN FOR STEP: 90.0016197537

*********************

BRANCHES: 92
AI SELECT ACTION: d
*********************
BEFORE: 
[[2 0 0 0]
 [2 0 0 0]
 [2 0 0 0]
 [4 0 0 2]]

*********************
AFTER: 
[[0 0 0 0]
 [2 0 0 2]
 [4 0 0 0]
 [4 0 0 2]]

TIME TAKEN FOR STEP: 90.002093828

*********************

BRANCHES: 100
AI SELECT ACTION: u
*********************
BEFORE: 
[[0 0 0 0]
 [2 0 0 2]
 [4 0 0 0]
 [4 0 0 2]]

*********************
AFTER: 
[[2 0 0 4]
 [8 0 0 0]
 [0 0 2 0]
 [0 0 0 0]]

TIME TAKEN FOR STEP: 90.0023280997

*********************

BRANCHES: 96
AI SELECT ACTION: r
*********************
BEFORE: 
[[2 0 0 4]
 [8 0 0 0]
 [0 0 2 0]
 [0 0 0 0]]

*********************
AFTER: 
[[0 0 2 4]
 [0 2 0 8]
 [0 0 0 2]
 [0 0 0 0]]

TIME TAKEN FOR STEP: 90.0015952599

*********************

BRANCHES: 88
AI SELECT ACTION: l
*********************
BEFORE: 
[[0 0 2 4]
 [0 2 0 8]
 [0 0 0 2]
 [0 0 0 0]]

*********************
AFTER: 
[[2 4 0 0]
 [2 8 0 0]
 [2 0 2 0]
 [0 0 0 0]]

TIME TAKEN FOR STEP: 90.0017801489

*********************

BRANCHES: 88
AI SELECT ACTION: l
*********************
BEFORE: 
[[2 4 0 0]
 [2 8 0 0]
 [2 0 2 0]
 [0 0 0 0]]

*********************
AFTER: 
[[2 4 4 0]
 [2 8 0 0]
 [4 0 0 0]
 [0 0 0 0]]

TIME TAKEN FOR STEP: 90.0014909636

*********************

BRANCHES: 90
AI SELECT ACTION: l
*********************
BEFORE: 
[[2 4 4 0]
 [2 8 0 0]
 [4 0 0 0]
 [0 0 0 0]]

*********************
AFTER: 
[[2 8 0 0]
 [2 8 0 0]
 [4 0 0 2]
 [0 0 0 0]]

TIME TAKEN FOR STEP: 90.0034627174

*********************

BRANCHES: 90
AI SELECT ACTION: l
*********************
BEFORE: 
[[2 8 0 0]
 [2 8 0 0]
 [4 0 0 2]
 [0 0 0 0]]

*********************
AFTER: 
[[2 8 0 2]
 [2 8 0 0]
 [4 2 0 0]
 [0 0 0 0]]

TIME TAKEN FOR STEP: 90.0011685931

*********************

BRANCHES: 82
AI SELECT ACTION: d
*********************
BEFORE: 
[[2 8 0 2]
 [2 8 0 0]
 [4 2 0 0]
 [0 0 0 0]]

*********************
AFTER: 
[[ 0  0  0  0]
 [ 0  0  2  0]
 [ 4 16  0  0]
 [ 4  2  0  2]]

TIME TAKEN FOR STEP: 98.9448537066

*********************

BRANCHES: 90
AI SELECT ACTION: d
*********************
BEFORE: 
[[ 0  0  0  0]
 [ 0  0  2  0]
 [ 4 16  0  0]
 [ 4  2  0  2]]

*********************
AFTER: 
[[ 0  0  0  0]
 [ 0  0  0  0]
 [ 0 16  0  2]
 [ 8  2  2  2]]

TIME TAKEN FOR STEP: 90.0039790633

*********************

BRANCHES: 88
AI SELECT ACTION: d
*********************
BEFORE: 
[[ 0  0  0  0]
 [ 0  0  0  0]
 [ 0 16  0  2]
 [ 8  2  2  2]]

*********************
AFTER: 
[[ 0  0  0  0]
 [ 0  0  0  0]
 [ 0 16  2  0]
 [ 8  2  2  4]]

TIME TAKEN FOR STEP: 90.002738569

*********************

BRANCHES: 90
AI SELECT ACTION: d
*********************
BEFORE: 
[[ 0  0  0  0]
 [ 0  0  0  0]
 [ 0 16  2  0]
 [ 8  2  2  4]]

*********************
AFTER: 
[[ 0  0  2  0]
 [ 0  0  0  0]
 [ 0 16  0  0]
 [ 8  2  4  4]]

TIME TAKEN FOR STEP: 126.566484372

*********************

BRANCHES: 84
AI SELECT ACTION: d
*********************
BEFORE: 
[[ 0  0  2  0]
 [ 0  0  0  0]
 [ 0 16  0  0]
 [ 8  2  4  4]]

*********************
AFTER: 
[[ 0  2  0  0]
 [ 0  0  0  0]
 [ 0 16  2  0]
 [ 8  2  4  4]]

TIME TAKEN FOR STEP: 90.0024011861

*********************

BRANCHES: 76
AI SELECT ACTION: l
*********************
BEFORE: 
[[ 0  2  0  0]
 [ 0  0  0  0]
 [ 0 16  2  0]
 [ 8  2  4  4]]

*********************
AFTER: 
[[ 2  0  0  0]
 [ 2  0  0  0]
 [16  2  0  0]
 [ 8  2  8  0]]

TIME TAKEN FOR STEP: 90.0016122476

*********************

BRANCHES: 62
AI SELECT ACTION: d
*********************
BEFORE: 
[[ 2  0  0  0]
 [ 2  0  0  0]
 [16  2  0  0]
 [ 8  2  8  0]]

*********************
AFTER: 
[[ 0  0  0  0]
 [ 4  0  0  0]
 [16  2  0  0]
 [ 8  4  8  0]]

TIME TAKEN FOR STEP: 90.0028310135

*********************

BRANCHES: 40
AI SELECT ACTION: r
*********************
BEFORE: 
[[ 0  0  0  0]
 [ 4  0  0  0]
 [16  2  0  0]
 [ 8  4  8  0]]

*********************
AFTER: 
[[ 0  0  0  2]
 [ 0  0  0  4]
 [ 0  0 16  2]
 [ 0  8  4  8]]

TIME TAKEN FOR STEP: 90.0042172856

*********************

BRANCHES: 36
AI SELECT ACTION: u
*********************
BEFORE: 
[[ 0  0  0  2]
 [ 0  0  0  4]
 [ 0  0 16  2]
 [ 0  8  4  8]]

*********************
AFTER: 
[[ 0  8 16  2]
 [ 0  0  4  4]
 [ 0  0  0  2]
 [ 0  2  0  8]]

TIME TAKEN FOR STEP: 106.368042417

*********************

BRANCHES: 68
AI SELECT ACTION: l
*********************
BEFORE: 
[[ 0  8 16  2]
 [ 0  0  4  4]
 [ 0  0  0  2]
 [ 0  2  0  8]]

*********************
AFTER: 
[[ 8 16  2  2]
 [ 8  0  0  0]
 [ 2  0  0  0]
 [ 2  8  0  0]]

TIME TAKEN FOR STEP: 90.0106741771

*********************

BRANCHES: 76
AI SELECT ACTION: u
*********************
BEFORE: 
[[ 8 16  2  2]
 [ 8  0  0  0]
 [ 2  0  0  0]
 [ 2  8  0  0]]

*********************
AFTER: 
[[16 16  2  2]
 [ 4  8  0  2]
 [ 0  0  0  0]
 [ 0  0  0  0]]

TIME TAKEN FOR STEP: 90.0021594083

